    0   43  291  345   38   22    9 2718 3030    5  309  165   19   23  519  393    7   78   36  428   14 1405  181    5   11    6    1   79   31  314  260    1  474  106   23  183    6  220    2 1720  531    9    5  234   29  235   22    4
   13    0   66 3007  149    6    1   32   14   55   81   46   27   42   21   22    1    9   12   43   18   17   71   22   20   81    3   11  375   62    7    4   46  157  176   23    2    5    9   16  406   91    1   14  113    8   20   23
  164  449    0 3143  242    7    4  156   91  136  707  200   95  413  107 1404    2   31   19  581   30  858 2633   22   69   19    1   18  172   85   50    8  147 1862  209   41    2   41   14 1089 2111   14    1   79  220   24   40   34
   94 1238  248    0  675  172   21  450  136  421  971  322  304  320  110  195   54  267  299  498  314   66  644  271  214  948   32  279  299 1361  103   51  503  551 2369  442   89   84   73  154 1285  578   17  584 2375   58  178  132
   22  345  109 3426    0   15    4   62   24  353  317  100  177  483   50   39    6   42   29  140   78   18  436  146  496  119    4   34  547  142   17   11  118  288  604   77    3    8   67   35  516  305    3   41  478   12   65  565
   13   19    4  357   17    0   21  290   41    3  117   40   14    6   17   13  130  125 1077   98   21    6   27    3    4    6  113  377    6 2022   40    1  125    7   11  268  360   24    2   15   45    4  110  117   17   13   23    4
    4    2    1   28    3   15    0   33   10    1   13    6    3    2    4    9    3  288   22   11    3    2    4    1    2    0    2  139    1  113   16    0   22    2    2  399    3    6    1    6    8    1    2   65    5   10    3    1
  795   40   55  611   33  119   33    0 2151    8  303  194   42   36  138  253   45  174  182  316   37  136   92    8   14    9   31  256   19  984  402    3  362   53   28  340   30  427    4  279  314    8   21  359   54   67   49    5
 1566   25   57  283   28   61   20 5841    0    7  226   95   19   25  175  180   10  142   70  347   22  147   82    6    9    3    7  202   12  619 1014    1  431   54   16  294    9 1513    3 1067  320    6    7  416   38   52   26   10
    4   58   12 1176   93    2    2   10    5    0   52   19   30   40   14    5    1    9    7   22   32    2   66  312   50  185    2   10   19   27    7   13   35   34 1093   10    1    2   18    9   48  610    0   13 1440    5   16  106
  197  324  340 5185  492  142   29 1167  210   84    0 4391 1815  362  578  239   25  257  276 3382  923  177 2917  121  302   40   26  429  128 1771  125   69 1632  313  287  698   39   55  101  405  926   66   19  261  500  134 2731  101
   88  130   83 1213  107   44   13  521   90   23 3292    0  170   89 1078   57   12  118   72 1985  112   45  323   33   46   17    6  122   42  359   74   15 2255   88   83  322   11   28   19  186  311   19    6  115  115  107  257   20
   25  139  121 3199  441   23    5  127   31  145 2811  388    0  282   59   51    5   77   33  458 1801   28 1231  114 1180   28    6   57   60  198   24   84  234  167  479  126    4   21  489   54  343   43    4   67  520   21  619  131
   33  271  409 4239 2262   18    8  102   47  555  957  255  461    0  100  112    4   57   33  292  152   38 3629   91  911   56    6   33  292  148   24   20  196 1905  888   97    3   12   57   62 1104   74    3   67  718   25   95  201
  175   65  110  413   93   18   12  370  226   21 1145 2751   55   55    0   67   31   94   42  876   29   87  321   11   22    9    5   66   34  212  140    3 3364   78   39  173   10   60    4 1411  209   14    2  702   58  960   70   38
  281   63  913  685   37   14   10  245  204    5  290   63   24   52   53    0    7   47   22  101   22 1211  177    5   12    7    1   36   54  198   50    1   83  160   29   60    6   52    5  189 3141   11    1   84   40   15   19    7
   10    8    3  124   14  339    6   98   19    1   32    9    5    3    6    9    0   32 1200   44    8    7   11    2    3    2  559   93    1  387   14    1   34    4    6   68   98    9    0    6   19    2   94   43   14    7   12    2
   29   10   11  371   15   76  456  235  113    2  111   50   14   15   50   30   17    0  116   94   19   10   38    4    8    4   10  325    6  654  193    1  210   19   14 1354   27   62    2   49   64    5    9  907   34  385   23    4
   30   33   13  924   52 1682   38  586  102    8  297   84   30   22   41   38 1054  326    0  260   53   15   73   13   15    8 1473  618   12 2728   89    4  293   21   36  503 1201   52    3   46  107   11  500  245   70   23   56   11
  110  144  117 1879  108   92   16  758  147   41 2138 1439  197   99  304   77   31  180  174    0  334   49  358   59   58   21   21  250   37  987   99   25 2130   83  133  543   29   48   27  245  297   24   17  169  249  110  893   29
   21   80   49 2397  147   35    6  162   43  108 1271  186 1291  111   38   41    7   69   59  595    0   18  256  356  173   26   11   60   23  280   20  876  213   64  558  122    7   10  562   37  235   28    4   60  930   16 1591   47
 1181   54 1072  301   26   10    3  251  228    3  554  120   20   33  140 1669    3   31   12  207   11    0  391    4   13    6    1   24   22   95   73    1  106   86   32   45    3   57    2 1745  529    5    1   86   22   19   41    4
  134  370 1403 5795  993   44    9  292  116  399 3906  588 1460 3257  296  231   17  120   86 1000  268  197    0  138  568   53   10  114  185  458   62   25  489 1318  480  213    9   36   58  446 1256   75    5  119  567   52  232  181
    5   48   12 1062  129    5    1   13    9  522  118   33   73   50   16    8    3   12   15   69  301    6   83    0   64   51    3   11   22   63    6  208   36   36  542   24    3    7  101   10   64   82    1   20 1357    7   83  264
   19  109  104 3912 1577   16    4   63   28  808  707  130 1615  655   33   30    3   59   29  197  384   12  836  181    0   54    3   30   55  132   15   52  130  183 1277   72    2   10  422   33  339   99    4   47  957   10  171  821
    4   65    5 1032   32    2    1    6    2   73   15   10    8    7    6    3    1    4    5   12    5    1   15   32    6    0    0    7   16   19    2    2   29   12   76    9    0    1    2    4   34  174    1    5  105    3    5   14
    2    3    2   81    6  158    5   73    7    1   18    8    3    1    2    3  389   25 1073   19    4    1    5    2    1    0    0   58    1  221   13    2   22    2    3   41   56    5    0    4   10    2  392   28    6    3    5    1
   42   41   13  801   41  568  225  907  116   10  328  108   27   21   38   49   75  463  495  239   40   17   66    7   17   14   51    0   11 6575  181    2  358   27   25 3002  121   82    4   46  130   12   56  387   58   60   49    8
   10  686   80 1272  613    2    1   15    7   42   76   32   21   75   17   33    1    9    5   34   11   14   86   24   21   31    0    7    0   29    5    2   26  264  103   14    0    3    9   14 1560   56    1   11   64    5    9   70
  175  209   71 4614  187 3320  275 3191  469   37 1423  363  133  117  191  198  303 1106 2392 1346  209   72  350   43   66   60  270 8616   50    0  483   14 1649  114  125 4367  428  256   21  212  595   54  463 1055  256  182  236   30
  139   16   28  203   21   66   35  562  718   13   82   50   17   12  106   57   14  528   67  121   21   44   36    7    6    5    8  274    8  909    0    1  208   31   20  462   12 2322    2  566  125    6    6 3027   77  188   13   31
    2   30   11 1113   75    6    1   28    3  273  239   77  184   27    8    6    3   17    8  154 2207    4   53  927   64   16    1   10   10   48    7    0   53   20  747   22    1    2  344    8   49   15    1   14 1447    2  250   54
  201  181   86 2338  145  179   70 1308  288   40 1560 2310  161  105 1655  105   30  388  267 3900  165   61  367   35   54   26   31  430   61 1809  202   12    0  105  108 2645   57   85   17  390  469   32   24  434  170 1433  259   30
   95 1740 1690 9467  921   12    3  108   71  244 1372  203  148 2215   89  366    2   48   21  224   67  106 1306   52  130   59    4   32 1143  143   41   12  163    0  537   85    2   19   26  142 6879   40    2   62  454   34   42  167
    6   76   15 3234  100   12    4   26   11  554  112   29   53   40   11   13    4   21   24   47   71    4   65  138   55   87    3   17   24   79   13   23   45   47    0   34    4    4   30   12   82   75    3   24 2779    4   42   41
  110  104   36 1620  100  536  701 1151  241   17  893  429   81   58  142   82   65 2233  542 1391   90   50  188   22   33   22   50 4782   37 6839  355    6 3472   80   62    0  113   13  135  332   18   37 1315  122  888  126   21    4
    5    2  156    6  365    7   83   14    1   30    8    3    4    7    5   78   39 1092   35    4    1    9    2    2    2   82  118    1  365   13    0   29    3    7   87    0   15    0    6   14    0   29   46   11    5    7    2   98
    6   15  102    5   43    9  542 1169    5   43   15    3    5   36   40    4  229   29   81   11   37   17    2    2    2    3  161    3  822 3118    1   85   14    7  263    6    0    0  124   61    4    2  238   21   26    6   22    4
   52   48 1417  215    4    2   27    7  324  325   70  845   76   10    9    2   19    9  172 1486    5  134  291  525   22    1   13   22   45    6  289   53   42  763   28    1    2    0   11   67   17    1   16  892    6  249  227  969
   70  963  651   58   24   32  708 1479   20  789  643   42   49 1750  248   10  165    3  955   26 1004  945    9   14    7    4   77   41  305  786    2  737  139   45  177    9  241    6    0  548    7    6  841   66  195   44   11  307
 1530 1530 6794  597   39   18  296  273   77 1104  269  133  592  150 3147   10  108   57  424  141  492  677   60  133   55    3   90 2817  434  111   16  287 3695  252  191   12   64   25  318    0   65    7  182  257   48   84  152    4
   88    9 1821  219    7    1   10    6  565   56   19   20   20   11    6    2   15    9   19   21    4   37   98   37  371    1    9   37   71    5    6   23   19  176   18    2    2    8    4   70    0    0   21  186    5   11  131    5
    4    2   51    3  248    1   60    9    1   16    9    4    3    3    1   92   18  582   27    3    1    5    2    3    2  523   58    0  540   10    1   22    2    5   44   41    5    0    4   12    1    0   16    5    4    6    1   88
   16   26  473   29   90  152  383  238    9  136  100   18   25  400   46   23 1630   99  131   11   30   57    6   12    4   11  420   11  980 1780    2  352   29   25  882   28  274    3  681  124    6    8    0   66 1281   25    6   14
   78   22 3877  113   20    5   61   20 1026  173   50   71   51   22   18    9   45   41  101  161    6   91  460   52   60    3   36   22  174   20   49   74   52 2992   65    7   10   38   19  108   79    4   63    0    9   82   50   63
   29   18  210   35   28   20  186   75    9  155  161   15   13  671   25   25  687   32  373   15   13   41    8    6    6    6  109   11  286  190    1 2321   30   20 1216    6   45    2  135   91    7    4 1840   36    0   23   10   26
   78   46 1171  100   33   16  225   36   61 3376  380  551   66   56   36   11   74   65 1170 1814   27  214   99   79   20   10  125   24  296   20   85  307   54  250  145    8   19   83   45  164   18    9   68  416   22    0   35    4
   50   21  632  523    2    1   12   10  257   70   30   57   54   13    8    2   10    6   30   35    3   79  310  257   46    0    5   45   27    4   10   43   51  193   17    1    4   84    3  102  190    1   10  242    5   19    0    0
