    0   32  156  300   37   18    7 1340 1314    5  257  106   25   29  131  246    5   70   35  288   23  673  109    7   15    7    3   73   39  135  157    3  252   75   18   69   16  107    7  835  529   14    1  186   44   46   28   21
   28    0  102 1634  182   17    1   85   96   63  224  139   74   75   35   37    8   17   34  142   57   29  135   41   42   74    3   31  388  132   17    8  186  261  131   73    5    8   17   41  614   90    2   45  114   24   60   50
  127  166    0  871  103    7    3  145   90   30  333  142   59  278   64  540    0   27   17  267   29  403  939   12   48   15    2   25  126   62   43    8   66  756   97   33    3   22   15  603 1645   15    1   55  145   11   25   28
  253 1451  880    0  958  169   11  733  271  492 1423  481  555  648  175  421   60  346  405  745  572  208 1041  297  397  754   40  413  677 1213  398  119  805 1906 2162  617  182  126  179  395 3243  581   18  745 2137  101  337  202
   23  164   79 1061    0   17    2   90   36  101  260   75  150  461   32   70    2   36   38  108   88   26  253   84  319   38    6   42  402   95   31   33  102  245  167   69    6    7   80   44  571  221    2   62  187   12   72  362
   32   36    7  264   35    0   17  339   50    3   98   43   19   18   18   19  125   83  519   68   21   26   33    4   11    6   84  227   15  882   62    4  106   20   21  214  136   33   10   38  116    7   85  151   50   15   24    5
    7    6    5   23    5   10    0   40   15    1   23    8    6   27   12    6    3  173   13    5    4    3   27   10    2    0    2   89    2   82   28    0   26    4    3  199    6   35    1   14   16    1    1   56    8   14    4    2
  907   66   73  659   74  149   29    0 1825   14  398  244   66   45  181  239   37  276  256  383   57  167  113   16   34   15   41  409   50  936  511   11  495   96   40  462   97  329   16  414  666   18   26  597  104  101   82   11
 1066   29   48  336   48   29   12 2556    0    5  176   89   25   51  148  123   12  111   66  228   30  133   72    8   14    7    5  158   33  254  604    6  209   71   23  178   15  746    8  713  400   10    7  288  100   32   29   13
    6   57   21  462   85    3    0   17   11    0   39   14   29   50    6   17    1    6    6   14   36    5   65  211   49   48    1    8   20   15    6   18   19   43  508   10    4    1   22   18   75  327    0   13  788    3   12   53
  205  374  358 2117  397   94   18  913  214   50    0 2083 1065  352  449  192   20  183  211 1201  534  372 1433   78  207   39   22  251  176  595  166   60  793  301  167  375   67   94   89  496 1012   61   16  381  330   81 1601  105
   88  154  120  605  114   43    7  467   93   16 1698    0  142  105  964   65    8   80   59  802   93   83  265   24   51   11    7  101   85  222   85   14 1005   81   56  215   10   39   21  286  420   14    5  132  105   64  191   27
   27   92   65  613  237   25    3   81   26   30  927  137    0  187   32   35    4   28   36  104  679   27  583   39  579   13    6   47   53  102   33   38  116   81  107   63    9   12  209   38  241   20    1   59  139   13  223   45
   24  100  177  836  627   16    4   77   59   44  279   86  173    0   48  441    4   47   32  102   86   32 1526   20  370   15    3   30  138   69   33   14   81  935  111   47    4   35   56   54  705   30    2   85  155   12   51   68
  107   45   60  257   57   22    5  302  160   13  528 1349   36   66    0   61    8  122   47  447   27   76  171    9   23    6    1   59   27  113  116    6 1561   68   20  137    8   61   10  781  276   13    2  331   79  355   46   17
  192   38  394  404   47   20    0  227   94    6  254   55   25   53   54    0    2   40   43   72   16  737   93   10   16   14    5   32   73  115   63    5   88  179   30   59   11   40    9  132 2225    6    2  161   55   11   19   21
    8    7    5  108   15  135    4  100   24    3   53   16   10    9   13   11    0   27  541   44   13   14   10    5    3    4  218   92   18  189   30    2   39   10    5   64   40   18    6   20   66    4   43   68   22    7   16    7
   51   27   20  443   34   66  174  340  107   10  126   72   26   46   85   37   23    0  131  107   38   20   40   17   16    5    9  215   28  392  287   10  208   34   25  678   64   88    9  119  175   12    5  971   79  280   38   10
   47   68   13  678   59  535   15  520  100    9  278   76   42   48   42   40  407  183    0  151   69   31   64   16   27   14  568  340   37 1075  116    7  221   49   32  339  480   44   15   76  259   14  226  328  114   24   51   16
  192  188  227 1017  153   51    5  673  188   24 1137  835  126  106  416   92   18   93  112    0  176  124  322   49   46   16   14  134   85  428  141   23 1128  104   76  320   19   55   47  568  519   20   12  182  149   92  520   34
   14   81   19  715  137   15    3   96   39   38  481   94  591   94   18   32    2   43   53  182    0   19  121  149  112   10    2   34   34  101   23  603  103   49  161   56   11   11  391   39  216   27    2   76  307   10  623   36
  610   37  474  209   39    9    2  197  175    1  326   78   18   32   74  947    5   24   25  138   13    0  182    9   27   17    3   22   62   58   57    4   87  113   17   33    6   39   12 1063  811    8    1   74   47   10   31   17
  105  176  786 1157  372   36    6  215   84   77 1586  272  553 1934  174  133    9   70   78  370  125  132    0   33  225   21    2   62  118  196   67   25  232  558  138  110   16   36   52  339  748   43    6  105  183   29  121   82
    8   35   12  300  111    3    1   16    8  216   69   15   31   45    9   13    2    8   11   25  135    9   43    0   33   19    1    9   18   30    6  138   24   35  177   17    1    2   83   13  123   66    1   16  435    4   40  172
   14   57   42  478  459    7    0   32   17   75  168   52  573  359   17   20    3   20   18   56  135   13  259   34    0   10    2   22   43   48   15   35   46   87  131   24    6    5  211   13  201   28    1   42  112    4   60  181
    4   77   12  698   49    5    1   18   10   72   23   10   12   20    4   11    0    4    8   15   12    8   24   23    7    0    2    6   25   21    4    2   13   21   62   11    2    2    5    4   70  125    1    8   47    2    9   13
    9    9    9   99   13   89    3   73   21    2   45   17   13    9   11   15  159   22  506   45   15    8   11    7    6    1    0   78   16  206   20    2   33    8    7   58   45   18    5   15   43    1  192   43   21    6    8    4
   74   65   17  601   56  202  101  858  178    7  309  130   38   42   55  179   51  296  344  171   51   39   79   13   22   19   59    0   45 2118  221   10  273   56   25 1688   75   87   16  102  291   17   61  435   98   75   62   18
   26  293   81  528  397    6    1   38   34   19   66   47   27   84   24   42    3   19    1   44    9   23   75   12   39   11    2   23    0   49   18    3   57  275   56   30    4    5   14   42 1502   53    3   32   55    5   25   75
  171  233   66 1987  183 1078   78 2359  351   28  784  290  105   94  169  162  122  629 1106  537  143   94  219   30   57   52  129 3923  104    0  482   15  894  144   92 1987  186  264   31  190  760   33  221  849  239  126  159   38
  159   27   26  387   43   42   27  577  564    9  163   73   24   39  143   59   24  331   94  139   25   74   58    8   13    6   10  191   23  390    0    6  175   59   34  258   30 1314    7  443  270    7    5 1509   70   96   31   12
    4   14    9  169   37    3    0   10    5   24   62   19   55   27    6    7    1    7   12   21  680    3   28  206   26    1    1   11   10   21    3    0   18   17   87   11    2    3  150   12   54    9    1   15  159    2   65   20
  241  244   87 1188  138   86   21 1039  270   26  883 1123  113  108 1267   88   21  241  164 1196  107  114  219   30   47   21   19  225  104  703  196   16    0  116   65 1107   32   72   25  471  647   26   13  365  153  925  164   42
   47  288  545 1392  253   12    1   74   73   54  224   85   85 1040   48  150    7   47   31   79   50   55  519   28   93   18    3   26  357   87   49   11   78    0  150   57    8   19   27   97 2931   36    2   84  125   16   45   76
   18  101   73 2117  145   16    2   50   26  487  118   52  108   99   14   20    4   16   21   57  116   16  130  131   88   58    3   23   61   56   25   47   48  163    0   31    8    6   44   39  216   71    2   35 1687    8   53   57
   89  143   42  930  112  196  287 1023  236   13  579  270   68   84  159   81   36  997  302  478   61   78  143   18   36   18   30 2258   67 2032  345    6 1512  119   46    0   70  156   27  162  547   18   26  808  174  477  105   35
   10    7    2  185    9  148    5  150   36    1   55   22    9    4    9   27   36   75  486   26    9   11   14    2    4    4   26   78    7  171   41    1   45    6    6   73    0   26    4   20   68    4   13  202   32   13   14    3
  133   13   25  129   17   24    9  432  861    1   69   43   18   20   72   48    8  121   43   68   14   50   27    2    7    2    5   91   11  254 1412    1   78   37    8  139   15    0    7  244  159    6    4  295   37   26   11    5
    3   25   15  215   73    4    0   16   12   25   71   18  232   50    7    5    1   12   13   31  383    9   52   75  213    6    1    7   16   15    6  126   18   22   55   17    1    3    0   11   77    9    0   19   93    2   50   85
  597   41  387  410   46   25    9  560  797   13  499  302   42   56  671  141    6  129   53  528   32  570  299    8   24    5    3   97   43  135  396    5  375   90   40  117   47  132   10    0  454   12    1  646   66   74   44   10
  305  452  939 2615  630   43   10  452  283   57  759  290  185  519  186 1517   22  253  131  446  157  431  493  172  168   65   12  166 1454  369  162   22  362 2184  165  244   42   95   76  390    0   75   15  354  420   58  136  161
    9   81   13  665  199    6    1   12    9  385   49   18   19   36    8    8    2   15   13   20   15   11   32   57   18  107    4   10   43   40    9    6   29   41   82   15    3    4    9   12  100    0    0   22  132    4   11  112
    3    6    3   47    7   95    2   45   10    1   39   14    5    4    4    5   32    8  208   21    3    3    9    0    4    1  156   42    5  203   10    0   29   10    7   34   16    5    1    7   27    2    0   19   10    2    9    2
  153   36   39  612   64   70   57  549  291   16  254  141   48   81  285  106   30 1213  198  175   47   81   83   13   34    9   19  302   51  565 1560   12  305   70   31  514  109  264   13  590  366   21   11    0  130  655   72   14
   46  128  133 2334  198   27    7   92   64  695  261   74  115  146   38   64   10   66   65  131  257   46  214  407  101   42    4   70   73  157   51  114  124  158 2169   85   20   25   79   77  366  118    2  110    0   28  135   66
   31   33   16  135   26   13   20  197   85    5  119   74   15   17  302   17    5  344   33  135   17   19   44    5    9    3    0   71   21  114  138    4 1114   38   11  417    8   38    3  121  144    8    0  759   52    0   15   13
   36   91   41  492   96   14    5  156   47   27 1391  196  294   81   38   37    4   48   41  395  878   39  120   52   51   13    5   48   39  133   41   65  160   47   82   93   10   22   67   52  227   10    5   96  139   12    0   34
   11   39   23  246  321    3    0   23   11   87   69   21   37   55    7   21    0    6   16   24   24   20   66  180  211   25    4    8   68   24    8   15   26   91   54   20    1    5   70   10  203  132    1   19   73    2   14    0
