    0   18   21  175   16   11    5  505  305    2  141   63    6   15   33   74    4   25   22   89    8  134   31    2    8    3    2   36   15   94   58    2  125   22    5   31    4   56    2  160  146    4    1   68   18    6   12    2
    9    0   20  615   47    3    1   35   11   16   40   22   13   18    8   14    4    9   10   23   12   10   27    9   10   24    4   12   79   28    7    3   32   32   27   17    1    5    4    9  115   29    1   15   29    3   11    7
   29   39    0  359   25    3    1   56   21    4  171   47   17   66   15  121    2    7    7   72    8   62  206    2   12    8    0    9   33   19   13    1   30  139   18   10    1    9    2  114  336    4    0   18   28    3   19    2
   76  495  172    0  263   71   13  312  106  119  317  119  104  146   49  110   35  116  124  169  136   58  244   69   93  299   19  124  184  311  108   24  201  255  533  139   38   60   37   97  668  177    5  246  592   18  100   49
   12   96   18  509    0    8    2   43   22   30   77   24   31  106   13   19    4   17   19   38   37   10   73   29   71   20    2   18  129   46   14    7   36   61   36   22    3    8   19   13  160   69    2   32   66    3   26   79
    5   18    2  178   14    0    6  226   17    1   37    5    4    5    6    5   55   29  220   24    8    5   10    1    3    2   30   39    5  279   29    1   41    4    3   72   53   16    1    6   31    2   36   51   12    5    8    1
    4    3    1   20    2    6    0   31    7    1    8    4    1    3    5    3    2   55   11    8    2    2    3    1    1    1    2   32    1   26   11    0   11    2    1   82    3    6    1    7   12    1    1   20    2    6    2    0
  226   44   30  397   34   52   15    0  412    5  127   80   16   28   44   78   26   87   87   96   26   63   46    7   15   12   13  134   25  286  155    5  151   32   16  123   28  118    4  109  189    6    0  175   43   24   27    5
  267   20   19  182   22   22    9  915    0    2   81   32   10   28   45   53    7   49   43   64   12   49   34    4   13    3    8   79   20  141  168    2  104   30    8   74    6  198    5  161  157    6    2  118   30    9   16    3
    2   28    5  202   22    2    0    7    3    0    9    4    5    8    2    3    1    4    5    5    7    2   13   44    8   20    1    2   11    7    3    2    6    7    3    1    3    3    3   20  122    0    6  192    1    5   15   96
  239   89 1317  151   58   12  599   87   13    0  571  250   87  108   54   13   67   80  358  155   81  466   17   57   22    8  106   61  224   65   13  271   76   39  132   21    3   17  145  283   19    4  122   91   23  503   13   46
  122   38  432   46   16    7  392   40    7  526    0   32   33  232   22    5   36   29  260   33   22  135    4   19    6    3   47   32   80   35    5  349   23   13   63    8   18    6   94  125    8    2   67   35   20   71    4   10
   89   16  468  118    7    1   74   13   11  278   41    0   55    7    9    4   15   12   50  245    6  138   11  180    8    2   16   21   29   10   11   39   22   32   18    3    8   53   13   86    8    0   24   56    2  101   12   26
   72   74  459  252    9    5   64   49   20   88   46   54    0   18   29    8   22   20   40   34   15  490   12   94    9    4   24   64   42   16    6   45  260   38   29    3   11   12   21  221   16    1   42   83    5   23   21   45
   27   17  133   17   10    4  217   66    3  176  409   10   20    0   24    4   40   20  137   13   20   57    2    5    4    2   31   13   51   66    2  666   23    7   43    6   26    4  186   96    4    2  117   20   51   17    3   61
   23   90  290   23    7    2   90   49    3   65   21    8   24   13    0    4   18   19   27    9  197   31    3   13    9    2   23   26   40   25    3   33   43    7   17    3   25    3   20  542    5    1   36   26    3   14    4    3
    9    3   69    7  128    3   74   11    2   15    6    2    8    3    6    0   15  161   13    4    4    5    1    3    1   63   26    4   66   13    1   15    5    3   19   16   11    1    5   29    1   14   26    7    2    4    1   28
   20    5  219   41   34   74  267   45    3   65   24    7   15   29   14   10    0   62   42   13    9   21    4    6    3    8  109   11  170   85    1   89   14    8  237   18   39    2   32   73    7    3  313   24   65   14    2   15
   35    3  441   27  294   15  384   35    4   78   28    9   15   16   15  135   82    0   55   16   11   25    4    9    7  223  155   15  367   50    3   89   15   11  119  165   27    3   18   85    4   62  106   31    7   20    4  103
  155   72  846   61   30   21  607   77    9  378  269   41   39  114   27   11   51   55    0   69   37  130    9   18   13    7   71   32  168   73    7  430   30   24  113   16   26   10  169  164    9    3  104   60   33  179    7    9
   69    4  465   61    9    3   83   16   10  142   34  148   26   10    7    3   18   23   58    0    7   48   42   37    8    2   19   12   41   14  141   42   16   42   25    5    8   84   10   66    9    1   28  104    2  233    9  166
   15   68  156   12    4    2  120   51    2  277   42    8   15   16  284    4   11   10   56    7    0   65    3    7    7    2   10   14   35   22    2   51   19    6   14    2   23    2  214  163    3    0   26   13    3   36    2   31
   89  146  612  111   18    4  160   40   15  591   91  129  527   39   37    6   29   29   98   47   32    0   11   58   10    2   33   42   61   24    5   77  107   37   39    4   14   10   75  212   10    1   50   57    5   49   14    3
   29    3  161   39    2    1    8    3   50   16    6    7    8    2    4    1    3    5    9   32    3    9    0    9   12    1    3   13    7    3   30    6    9   48    4    0    1   16    2   24   24    1    6  148    1   11   50    6
   48    9  331  220    4    1   33    7   27   64   14  171  105    5    9    4   11   12   20   58    5   65   13    0    7    1    8   24   17    8    8   21   25   47    9    1    3   51    6   64   13    0   17   57    2   25   56    2
   28    3  259   12    2    1   11    3   20   11    3    3    4    2    5    1    3    4    5    4    3    5    6    3    0    1    3   13    9    3    1    8    5   21    5    0    2    2    2   21   41    0    5   17    1    2    3    2
    4    1   44    4   42    2   51    4    1    7    4    2    2    2    2   47    8  146    6    2    1    2    1    1    1    0   14    3   40    6    1    6    2    2   12   11    3    1    2    9    1   42   13    4    1    2    0   21
   44    6  356   27  111   52  564   54    2   96   35   13   19   20   17   27  105  155   57   19    8   22    3    8    9   21    0   15  744   79    3  110   17   10  576   32   34    3   24   83    8   19  130   27   17   22    3   11
   92   19  308  103    3    1   30   10    8   23   12    9   23    7   19    6   13   11   13    7    8   20    5    9   12   10   10    0   18    8    2   19   57   14   12    2    7    4    8  339   23    2   18   23    2    9   10   61
  147   14 1299   78  529   40 1555  120    8  263   94   21   45   67   48   60  244  476  181   55   28   67   11   21   28   60 1813   38    0  163    6  324   39   24  685   78   94    8   54  224   18   82  305   70   32   58    9   55
   15   12  208   17   50   16  393  197    4   63   30   13   16   40   27   11  158   46   54   11   23   22    4    7    4    4  139   12  274    0    3   90   19   12  125   10  335    2  111  105    8    4  534   30   20   12    3    1
   12    1  122   19    1    0    7    3   11   21    7   13    7    2    3    1    3    3    8  201    2    8   75   11    2    0    3    5    6    1    0    7    5   27    4    1    1   49    2   14    3    0    6   73    1   19   14   88
  197   30  887   71   53   15  914   97    8  294  347   32   41  371   38   14  110   92  403   42   32   81    9   24   15   12  122   45  271   90    5    0   38   22  376   22   40    5  132  206   14    4  182   51  250   67    9   21
   78  111  546  118    6    4   59   29   12   68   25   19  255   18   55    5   19   13   28   14   19  122   10   25    9    2   19  127   32   20    5   31    0   33   21    3   13    6   34  751   13    1   34   47    4   12   17    5
   55   14  826   34    4    1   18    9  102   23    9   11   18    5    7    2    9    8   11   20    5   20   29   11   27    1    9   16   16    7    4   11   22    0    9    2    3    6    6   41   26    0   15  472    1   10   10   41
   90    9  577   47  115  149  724   83    8  168   91   17   32   76   27   25  347  146  153   24   19   42    6   12   13   15 1150   31  737  134    3  687   29   14    0   39   67    4   43  163    9   10  301   45   95   35    5    4
    6    1  113    3   80    2   90    8    1   18    8    2    3    3    4   15   20  178   11    6    2    4    1    1    1   12   29    3   61   11    1   18    3    2   23    0   11    0    7   16    1    6   42    7    3    5    1   44
    9    9   89    9   31   13  269  215    1   34   16    4   10   17   21    6   63   24   28    6   19   13    3    5    3    3   74    8  210  364    2   42   12    4   80    9    0    2   51   67    3    1  119   16   10    9    2    3
   21    4  154   44    1    1   15    4    8   30    9   55   17    2    3    2    5    4   12  136    3   17   25   56    4    1    3    9   11    4   38   10    9   23    4    1    2    0    3   36    6    1    7   45    1   24   26  204
   27   91  257   20   13    8  335  255    3  261  151   11   23  150   56    7   50   19  130   10  155   75    3    8    5    3   33   16   60  120    2  215   28   10   41    6   57    2    0  151    4    1  146   27   15   25    5  132
  218  219 1505  231   28   16  274  143   36  229   96   44  178   62  528   23   73   72  112   51  137  172   25   56   37   12   75  458  155   88   14  149  530   63   85   13   65   20  109    0   36    3  136  159   19   56   27    5
   47    3  281   63    3    2    7    5   74   15    5    4    8    2    3    1    8    5    5    5    3    7   14    5   42    1    5   25   12    4    1    9    7   22    6    1    2    3    2   25    0    1   10   45    1    4   20    1
    4    1   28    3   53    1   29    4    0    5    2    1    1    2    1   11    5   67    4    2    1    3    1    1    1   57   10    2   66    3    0    5    2    1    8    5    2    0    1    8    1    0    8    2    1    2    1   55
   27   12  353   29   56   30  365  106    6  106   66   14   29   72   33   20  412   79   77   24   21   35    5   12    8   10  137   21  229  384    4  191   23   16  188   38  101    5  148  134   10    3    0   39  114   29    3   15
   64   17 1009   56   12    2   52   27  147   59   23   19   31   11   17   10   20   27   35   45   10   40   77   20   20    3   24   26   50   19   14   36   27  450   25    4   12   13   14  103   44    2   40    0    6   25   14   11
   22    3   96    9   11   15  236   27    2   71   43    4    7   68    8    4  144   14   65    4    5   12    2    3    3    1   37   15   64   53    1  677    8    3  130    5   22    1   25   45    2    1  249   10    0    5    1   11
   69    8  338   43   11    2  138   19    4  434   58   73   21   12   12    3   21   22  128  276   11   55   11   16    6    4   22   16   51   18   12   58   13   21   30    5   10   14   13   66    6    1   37   49    4    0    5    2
   18    3   91   99    2    0    7    2   21   16    5    7   11    2    5    1    3    3    3    6    3   12   37   31    7    1    3   18    7    3    7    4   14   16    4    1    2   19    2   37   47    0    4   24    1    5    0    0
