    0   21   22  205   29   21    4  431  443    2  109   57    6   20   38   93    3   45   35  170   12  164   47    3    8    5    3   44   10  113   96    3  120   48    6   43    6   65    2  187  219    6    2   92   46    7   17    3
   14    0   33  835   91   13    2   59   28   22   77   43   24   31   17   18    6   20   21   54   24   10   47   11   15   52    4   25   93   46   24    6   59   58   56   35    3   15    5   14  198   52    2   39   81    6   23   11
   34   23    0  197   25    4    1   67   37    4  132   41   17   53   18  116    2   12    9   89    7   64  175    3   14    9    2    9   13   19   20    4   34  142   12   13    2   12    3  113  327    4    1   27   20    2   17    2
  129  701  262    0  472  148   21  532  229  219  545  236  152  212   90  159   39  255  227  427  240  102  402  109  122  446   44  241  184  498  208   49  426  419 1043  281   68  108   42  169 1126  297   18  449 1199   37  169   47
   21  142   28  560    0   15    2   74   33   26  118   35   59  128   18   23    5   39   25   61   50   11  106   35   94   35    6   31  102   65   20   10   59   78   58   42    6   15   20   24  234   71    3   59  115    5   40   72
   12   25    4  229   26    0    8  251   31    3   66   21    6   12   12   11   94   66  348   40   15    7   21    1    3    4   58  120    7  339   47    3   78    8    8  118   66   36    1   15   58    3   62   82   20    9   14    1
    3    6    3   36    6    8    0   38   14    2   14    7    2    5    5    5    2   71    5   11    4    4    5    1    2    1    2   47    4   31   22    1   17    8    2   88    3   10    1    9   20    1    1   38    9    9    4    1
  330   67   41  577   84   79   19    0  778   11  191  130   25   40   92  126   22  176  134  201   39  108   93   11   23   23   19  203   33  378  318   12  279   46   23  209   39  223    8  213  366   17   10  319   77   54   45    6
  316   25   23  225   37   32   13  712    0    5   87   44   11   43   66   67    8   77   51  103   15   56   46    3   13    7    6   94   13  141  228    4  108   43   10   84   15  259    5  227  217    8    2  163   41   15   18    2
    4   31    9  164   32    8    0   10    5    0    5    5    5   11    4    4    3    6    4    9    8    1   10   39    9   25    1    3   10   11    5    2    9   13  140    8    1    4    4    5   32  137    0   12  248    1    5   16
  123  245  128 1151  219   85   13  697  138   14    0  600  308  125  192   71   12  112  113  517  215  101  562   20   65   31   15  174   47  257  104   19  348   80   50  176   26   51   19  239  370   20    7  169  118   48  672   12
   57  101   32  366   60   27    8  379   70    8  538    0   42   43  296   33    5   55   39  378   48   29  113    6   16    6    6   48   17  101   62    9  401   37   18   95   12   30    7  117  157    9    4   92   42   27   94    5
   12   78   22  263  117   10    3   72   25    8  320   57    0   73   15   14    2   20   18   56  260    8  189    9  207    8    2   24   11   39   25   16   44   33   27   28    5   10   66   19  105    8    2   37   59    3  117    9
   24   64   68  310  189   12    4   70   43   10  126   50   66    0   21   38    5   33   27   56   38   15  457   10  106   18    3   31   32   40   25    9   61  278   29   40    5   18   12   26  265   13    1   60   91    8   31   13
   41   22   16  121   27   13    6  188   83    2  165  399   13   24    0   28    3   35   24  172   14   19   60    3    7    4    2   33    8   53   73    4  535   26    7   51    6   32    3  190  109    4    2  101   21   40   21    2
   86   23   90  329   36   17    4  138   82    3   69   27    9   29   18    0    3   35   17   61    8  226   54    4   13   13    2   32   19   54   44    3   43   62   13   28    6   26    3   62  752    6    1   59   75    4   16    3
    4   11    3   73   10  107    4   76   12    2   18    9    3    5    4   10    0   22   15   17    4    4    6    4    5    3   80   32    4   65   14    2   23    5    4   24   19   12    2    6   31    3   18   36   11    3    6    1
   31   31   12  269   49   64   99  293   78    4   92   44   13   23   39   26   16    0   88   66   23   12   37    4    9    8   14  160   13  192  140    4  122   22   14  335   24   60    3   59  119    9    8  460   38  104   25    3
   17   43    6  431   46  314   17  371   57    4  110   30   13   24   17   21  171  124    0   67   21   16   39    5   16   12  391  179   16  443   75    5  118   19   13  163  180    3    4   23  108   10   87  144   38   10   32    2
   66  150   51  631   96   44   10  678  100    9  390  271   47   49  150   38   10   78   71    0   88   30  109   12   24   19    9   86   25  169   91   11  460   43   31  138   19    4    9  134  211   11    7  122   80   31  188   13
   14   86   10  384  107   15    2  111   30   12  178   43  165   45   13   13    6   34   30   83    0    8   66   35   50   10    6   29   13   60   36  123   61   23   52   39    8   10   81   19   94   12    3   44  121    3  288    9
  155   13   53  145   16    8    2  129   73    2  230   47   14   17   20  245    5   18   15  100    9    0   72    5   11    6    3   19    6   40   35    4   50   23    7   16    4   23    2  219  176    4    2   42   18    3   32    4
   42   88  161  429  120   24    6  160   68    8  494   97  146  451   55   47    4   44   34  120   62   48    0   12   58   13    5   48   26   72   45   12  109  140   28   57    8   24   13   93  268   14    2   75   57    8  154   10
    4   36    7  149   52    4    1   16    8   62   20    9   11   13    4    5    2    6    8   15   45    4   15    0   15   13    2    6   11   12    6   35   15   13   62   11    1    4   16    5   35   22    0   14  223    6   15   36
   10   47   15  222  174    8    2   42   15   13   82   22  168  107    8   15    3   22   12   33   66    9   80   10    0    9    4   11   16   24   17   14   33   32   24   19    4   10   49   12  102    8    0   32   56    2   31   39
    3   47    7  339   26    3    0   24    6   31   15    8    6    6    3    8    2    7    7   11    9    5   13    9    5    0    1    5   20   15    5    1   14   14   39    9    1    4    2    5   49   55    1   12   53    1    5    6
    3    9    3   55    9   43    2   60    6    1   13    5    1    4    2    5   62   13  175   10    4    3    5    1    3    1    0   23    2   53   14    2   18    4    2   21   12    7    0    6   17    2   52   22    7    1    2    0
   32   62   12  437   61  185   69  709   97    5  200   58   20   39   35   30   34  210  253  105   28   16   48    4   14   13   45    0   19  863  131    4  186   27   16  817   42   67    5   48  139    8   43  206   41   41   40    4
   14  141   25  367  144    6    2   48   20   11   37   16   11   36    9   24    3   25   13   24   10   11   36    9   14   24    2   17    0   27   19    5   28   81   20   17    3   10    4   16  441   29    2   32   38    7   13   18
   74  175   17 1278  149  721   53 1894  185   10  326  113   38   59   67   65   65  374  663  248   67   30  102   14   30   35   85 2162   47    0  269   10  431   53   35  868  111  157    9   73  313   22  123  387   96   38   80    9
   65   28   16  218   29   60   22  339  282    3   74   45   11   27   47   45   10  156   60   79   15   23   39    5   12    7   11  140   13  230    0    5  105   30   11  136   14  397    3  131  134   10    5  512   39   27   24    3
    4   23    8  115   39    3    2   21    7   13   31   10   24   15    4    6    1    8    7   23  240    2   17   59   20    4    0    6    7   12    7    0   14    8   28    9    1    3   45    4   36    5    0   12  104    2   30   15
   71  168   25  729  103   74   22  833  147    9  385  424   37   52  422   45   16  178  134  604   62   32  126   11   28   22   15  168   35  346  140   10    0   54   24  468   29   70    9  165  262   15   10  242   77  243   79   10
   33   58  149  336  100   10    4   74   46    8   73   31   23  216   19   76    4   33   16   41   21   23  144    7   25   12    3   25   49   45   32    7   52    0   21   33    5   18    7   37  765   12    1   59   47    7   17   11
    8   56   17  602   41    6    1   28   12   98   27   15   12   15    6    9    2   16   13   20   22    8   26   31   12   33    2   12   13   25   15    6   20   31    0   13    3    5    6   11   65   24    2   24  605    3   13    8
   37   92   14  537   70  149  189  607  121   11  225  124   26   37   54   29   25  445  198  189   40   20   65    9   19   14   25 1136   24  751  174    7  634   48   20    0   43   76    6   64  189   19   18  380   57  125   46    4
    7    5    1   92    6   70    3   77   15    2   24    8    3    4    3    4   15   28  188   15    5    5    7    1    3    1   17   34    4   73   14    0   19    6    2   30    0   11    0    6   21    1   10   55    9    1    6    0
   49   12   10  124   19   42    9  202  248    5   39   20    4   14   26   28    5   62   36   36    8   23   23    3    5    5    4   73   10  169  377    4   49   14    9   73   13    0    1   66   84    6    2  143   21   11    9    2
    3   24    4  110   57    3    1   19    7    8   39   11   68   19    2    6    2    9    5   18  172    4   22   24   65    9    1    4    7    9    4   44    9   15   21    6    1    4    0    5   30    4    1   11   55    1   36   30
  182   23   84  189   23   15   10  274  331    2  181  131   15   21  152   64    5   57   23  164   13  187   85    2    7    5    4   34   10   49  165    4  149   33    9   44   11   79    3    0  176    3    3  145   22   13   27    1
  139  191  260 1359  279   52   15  338  207   31  302  128   55  189   70  537   17  128   84  188   70  126  210   22   53   44   19  105  263  173  135   21  189  612   72  111   21   75   16  146    0   41    6  199  188   20   66   23
    5   75    3  329   84    5    3   18   11   99   26   11    7   15    4    7    1   12   12   13    9    6   14   20   11   63    1   10   23   16    9    3   14   16   34   13    1    3    2    6   53    0    1   25   90    1    9   30
    1    4    1   18    5   37    2   24    4    0    5    4    1    2    3    1   13    7   64    4    2    2    2    1    2    1   57   11    2   62    6    6    6    1    1   10    6    1    2    1    8    1    0   11    2    0    3    1
   70   55   23  440   56   74   35  422  184    7  126   80   20   35   81   52   26  525  113  119   37   40   61    7   16   11   18  177   21  243  525    3  198   39   18  265   46  149    6  192  196   14   12    0   60  140   36    5
   18   75   23  772   70   15    4   67   37  144   63   22   24   34   14   20    9   43   29   44   58   10   39   81   22   27    5   33   22   52   29   18   43   37  454   30    8   17   11   19  124   40    2   62    0    5   29   10
   14   13    3   60    8   14   17  141   27    3   58   51    4   11   63   14    1  132   15   79    4    4   15    2    2    3    2   41    3   44   66    1  529    9    4  118    5   28    1   26   39    2    1  248    9    0    7    1
   15   68   13  298   70   24    4  174   36    6  444   78   90   29   29   16    6   34   36  185  330   11   65   18   21   11    4   33   14   69   33   14   79   24   26   42    9   16   14   27   95   10    2   54   58    6    0    3
    3   27    4   95  125    2    1   12    4   20   17    7    9   14    2    8    1    5    2    9   11    3   11   43   31   10    0    2   14    7    4    9    7   16   18    6    0    3   17    4   34   35    0    7   39    1    7    0
