   267647     2731     3152    14779     3627     1743      357    34047    35641      491     7473     3636     1050     2516     5627    12514      297     3490     1402     7656     1333    17496     3776      244     1030      868      229     2501     1384     4726     8714      287     8354     3818      623     3379       72     6233      414    22172    24285     1092      167     8259     3079      986     1349      231
     2116   124641     5519    88708    16855     1466      527     9274     3689     5314    10007     5557     3490     4906     1791     3619      591     2201     2391     6284     4735     1324     7681     2075     3148    10825      894     2802    16371     6686     2712     1072     7649     8179    11044     4424      349     1552     1227     2755    32217    12089      328     5385    17056      787     3317     3588
     3391     3393   191476    15985     3777      576      126     7557     3740      646     9604     3380     2371     6155     2276    12926      591     1268      696     4818      896     6854    15939      483     1462     1023      138      835     2011     1226     2498      164     2450    19870     1746     1054       72     1749      498    11675    38823      776       12     2460     3032      663     1822      773
    13656   112005    27919  2651628    76472    14044     1627    60531    24007    43174    52733    19113    16939    22518    11819    24136     5497    21707    20782    32906    22928    10943    41827    16414    14902    94620     4775    20981    29895    46140    23196     5400    34297    48439   165157    26065     3583    12315     5291    22572   160387    52136     2535    44417   177466     4323    16696    11114
     2959    23695     4464    62957   395956     2197      630    11720     4943     6302    12148     4146     7782    16497     2942     5039     1447     3845     3898     7637     8064     1846    11517     7264    12878     5955     1172     3340    16390     8052     3917     2435     7478    12280    11640     4734      384     2430     3707     3272    39952    12404      691     6932    16377     1044     5214    17994
     2283     7004      890    30076     5403   160649      825    49029     5846      997     7417     3592     1215     1399     1294     2468    11234     7082    39076     4979     1643     1063     2223      548      529     1062     9225    13117     1309    39027     7932      206     7209     1492     1748    14370     9059     5226      163     2782    11848      862     7141    11791     4079     1038     2146      287
      859      564      342     3545     1119      997    11139     6490     1690      113     1798      701      403      403      790      940      287    10891     1363     1285      404      501      366       86       96      144      412     4941      265     2566     2678      180     1899     1009      460    15629      246     1580      129     1117     3933      294      215     5244     1084     1329      634      110
    46682    13004     8912    69922    19135    11494     2638   720582   103782     2613    30741    21748     4772     6777    19622    23977     5022    17230    16619    30665     7535    16444    13596     1758     2873     7566     4745    25342     5466    49452    51749     1555    40431    10713     5383    29125     2415    29799     1264    40908    81402     3970     1930    42971    13333     7820     8539     2036
    43433     3993     4214    22415     6189     2945     1118    75596   615045      717     9602     5590     1704     4372     8846     9634      498     6764     4114     7698     2644     8613     6525      581     1060     1886      612     7010     1821    11722    29905      828    10690     5688     1704     6896      541    30549      529    32711    32842     1398      247    18675     4757     1838     2332      889
      400     3969      653    15801     4239      434       15     1326      524    81319      881      587      568     1061      632      507       68      404      391      789      943      167     1414     5491      878     3128      166      161     1275     1343      649      520      815      913    15504      770       59      643      630      509     3768    16429       30     1230    28366      167      745     2961
    13399    48847    23476   128967    34574     8239     1713   102192    21593     2954   856037    65820    37079    12623    18926    12467     1736     7911    10754    44206    24884    15835    61501     2694     6050     8210     2111    13728     8225    21114    14211     1886    28532    13073     8269    15615     1642     7364     2420    28274    77207     4964      773    17505    16619     4285    78628     3554
     7128    15317     6129    35489     9868     3155      651    53546    10285     1186    48023   485371     4355     4700    33185     3961      761     3708     3277    31259     5693     4201    11948      921     2342     2309      684     4496     2625     7368     7404      896    34739     5305     3022     8051      465     4791      684    16411    32970     1492      293     9544     4745     2707     9592     1474
     1903    12093     5912    22662    15012      869      109     9366     2260     1354    26922     4512   293411     7297     2459     1819      298     1239     1390     4786    22309      719    20808     1600    21291     1604      238     1908     2096     2596     2469     1239     4907     4569     3679     2563      171     1443     7916     2500    16631     1465       61     3301     6803      246    11528     1948
     2958     7559     7764    21235    20580      878      310     7064     3889     1190     8552     3841     6014   233896     2406     4182      534     2269     1250     3652     3526     1436    49991     1196    10521     1601      347     2279     3159     3096     3427      842     4166    28099     2840     3609      293     1973     1602     3196    33551     1754      130     5393     5318      567     2330     2749
     6719     3386     2464    13698     3609     1042      352    25274    10762      401    11546    33852     1356     2309   291658     3515      704     2984     1492     9504     2114     2621     5894      388      723      791      346     2107     1010     4051     7425      371    35935     3140     1266     3816      297     4471      424    26014    17343      859      122     9466     2310     5521     2246      442
     8730     2510    11043    25508     5132     1166      327    14474     8777      712     5645     2494      915     2761     2778   352006      508     2042     1590     3076     1372    25731     3786      567     1316     2019      448     1953     1853     3544     4357      568     3117     7211     1412     2085      271     3727      366     6434    86150     1280       93     6545     4314      888     1936      924
      768     2017      464     7394     1865     5490      310    12327     1284      345     1844      840      471      461      680     1081    78419     1999    13446     1938      496      379      903      272      529      271    10630     1956      688     5475     2296      342     2218      826      901     3057     1928     1226      205     1276     3754      797     1980     4214     2122      277      569      133
     4287     6268     2313    31685     7880     5530    11604    52902    11687      959     8497     4478     1515     2202     3881     4076     2774   405249     9817     7249     2724     3176     4077      958     2155     1611     2418    14343     2165    17438    22122      638    12087     3646     2170    44237     1664     9226      540     7328    20632     1879     1314    73785     6567    17364     2863      688
     2920    10686      884    55027     8545    30456     1471    63383     9658      567    11291     3663     1326     1775     2118     4029    25600    10285   410085     6752     3811     1586     4225      670     1120     2817    65310    16790     2268    48772    10190      402    10225     2362     3563    16406    20841     4434      500     4559    19817     1599    11675    16705     7160      831     3316      858
    11354    31498     8521    76795    18735     5353      929    95246    15743     2399    36589    30769     5538     5421    17820     6312     1634     6137     7944   969797    11008     5089    12195     1919     3408     5099     1606     8177     4066    18250    13090     1453    45524     8005     6087    12905     1011     8271     1267    21056    47054     2961      921    14990    11284     4396    21145     2529
     1477    14974     2308    32429    15153     2149       54    15182     4219     2398    15280     4707    18774     3889     1255     1525      643     1472     3024     6551   501718      892     6499     5977     5487     2611      768     2214     1939     4927     3262    22555     4757     4428     6536     3158      334     1524    10471     2054    17270     2221      320     3678    11733      245    37135     3573
    16985     1949     7129    12555     2442      769      182    13128     7683      626    12546     3012     1071     1676     2910    27281      371     1570      719     5546      827   197665     4266      332      968     1080      261     1168      791     2750     3479      537     4211     3163      858     2404      246     2691      274    24165    26093      592      179     5146     2005      507     3576      438
     4332    10788    21489    41142    13451     2098      439    21905     7031     1506    47494     9215    15453    53082     6394     6606      487     3723     3154     8870     6083     4571   536918     1360     7377     2957      463     3032     2813     5635     6021     1031     9695    20341     4281     4749      324     2964     1230    10090    46145     2511      398     8235     6581     1105     6628     2561
      512     4281      399    11457     5958      351       17     1669      683     6970     1658      380     1175     1062      333      297       74      254      413      994     3296      249     1049    88593     1678     2068      100      413     1145      827      663     4350      881      994     6813      893       36      377     2002      535     4131     4020      125     1374    18103      145     1153     7462
      816     6574     2969    16646    17974      655      130     4879     1914     1695     6861     2017    19820    11444      927     1723      580     1149      818     2424     5283      753     8260     1554   158910     1598      251      627     1795     2088     1431     1097     2622     5176     2914     1492      195     1107     5200     1491    13781     1512      137     3449     4461      163     2576     5512
      569     6001     1372    38384     3884      130       23     3110      984     5770     2008      714      686     1456      396     1581      260      592      727     1172      972      555     1442     1586      661    26852      238     1615     2023     1348      809      117     1383     1556     6797     1091      102      604      284      929     6546     8491       22     1424     7500      358      507     1196
      461     2354      316     7048     1408     4584      561    12977     1714      375     1581      773      359      593      616      641    11489     1564    22573      864      928      383      981      246      422      821    53217     2254      689     6106     1854      149     1368      867      914     2339     1852     1363      151      936     3281      461     6231     2667     1181      272      558      323
     4697    15284     1499    64860    11626    20135     9087   134150    17612     1094    18065     6125     1866     2863     4245     4485     4731    18962    25943     9243     3094     2051     5757     1161     1317     3157     7221   590529     3300    94666    24371      517    16820     3746     3174   100676     4742    11719      543     6180    32134     2178     4725    30554     6612     4742     3401      737
      909    15351     2181    25135    14614      722       63     4818     1215     1491     3438     1441      713     2999      918     2603      487     1409      969     1732     1105     1071     2425      870      994     2679      233      867    86064     2346     1376      365     2260     7504     2033     1786       78     1555      637     1139    44363     4434      199     2956     4117      157      903     2304
    13190    43083     4277   179601    27007    77213     5460   364450    38498     2285    33100    13484     4319     6786    10105    11824     9699    36254    74774    22763     7263     4581    10801     2175     3663    11809    13701   197322    10732  1530330    57124     1625    39431     9951     8083    94215    10783    31746     1397    13967    80139     5210    13791    62351    15227     5682     8026     2383
    10202     4509     3288    25888     5100     4423     1728    45599    34695      754     8916     5276     1954     3606     8304     6032     1259    12052     5457     8816     2553     4247     5358      545     1253     1738     1328     9498     1478    14785   489013      660    13919     5383     2083    12267     1192    50759      461    20590    27069     1864      671    49972     4817     4934     3610      736
      637     2876      591     6923     4041      222       53     2390      901     1057     1766      912     1529     1395      383      767       90      331      382     1080    19134      615     1658     5105     2545      599      140      556      443      929     1204    68456     1239     1543     1649      912       22      965     4573      417     4001      686       21     1029     4191      157     1427     1745
    13238    34852     5041    84317    19163     7400     1999   135219    25600     2147    35960    48062     5166     6852    55896     7543     2624    11143     9699    56454     8228     5441    12653     2119     3116     6857     2042    12430     5341    24808    22483     1251   902591    10368     5597    42772     1285    13686     1096    27143    61275     3207     1368    26458    11427    30896     9112     2506
     2993     5334    16565    24405    10696      782      212     6486     4401     1469     5503     2333     2133    19404     2423     7414      580     1441      954     3067     2171     2831    13198     1088     2126     1964      419     2046     4090     2786     3142      435     3535   342868     2918     1839      267     2301      668     3841    75820     1540       98     4887     5102      572     1607     2604
      698     9020     2261    59339     5810      954      179     3405     1475    13455     3041     1197     1321     1781      950     1089      434      889     1403     2175     3475      778     2664     4799     1390     4413      341      711     1734     2567     1346      942     1608     3119   325699     1006      166      667      767     1644     7145     5576      166     2461    71786      254     1756     2102
     6109    19724     2145    63367    13877    13119    18582   104710    16776     1813    20381    12125     2876     4633     7073     5808     3978    38733    18756    16220     4730     2409     8022     1628     1769     4401     4389   107753     4330    60404    23704     1164    53595     5008     3285   785275     3031    14257      825    10231    38643     2421     2603    44068     8628    17121     5304     1949
      638     1047      217     8710     1105     6627       43    10087      901      142     1813      384      102      346      464      547     2143     1726    21374      969      345      298      638       91       99      345     2904     2350      318     6681     1449       66     1390      299      255     2678    44195     1306       58      515     3246      366     1221     3927      683       97      500      101
     6689     1556     2377    14090     2842     3745      588    23758    32887      762     5170     3111      943     2034     4038     5439      852     5105     2586     3413     1617     3624     2394      313      853      863      930     5129      927     9437    41831      373     5795     3226     1037     5559      646   222208      236     9838    15299      875      287    19345     3909     1608     1568      532
      386     3610      601     6833     6233       84       68     1627      578      848     1754      744     7042     2309      504      353      136      374      272      784    10868      258     1459     2846     7455      654      299      159      658      647      808     5938      994     1536     1809      322       95      307    76461      481     3972     1097       26      762     3061       94     1597     5550
    22294     3435    13123    18440     4303     1395      598    30127    31516      551    13699     8740     1387     3313    19703     7508      464     4013     2050     9305     2148    24086     7811      404      888      998      447     2740     1390     4496    18382      416    12011     4711     1446     4557      466     8977      306   314156    26313     1106      182    15659     3431     2205     2565      562
    16460    25111    33669   120381    37820     5657     2112    39690    24103     5370    25848    12659     6253    20124    10033    65363     2296     9736     6920    15640     7973    14993    23532     3118     6186     7317     1848     8869    35488    15046    15348     2977    19347    76825     9385    12045      735    10575     1839    18186  1687662     7835      514    22774    22519     3106     6600     6074
      365     8795      509    26575    10076      503      148     2052     1243    13208     2465     1096      643     1187      565      936      240     1245      877     1767     1185      437     1500     2708     1052     5554      416      675     4532     1566      888      837     1455     1939     6114     1148       81      531      425      753     7064   107162      109     2126     9627      175      791     6098
      122     1281      102     3355     1393     2935      183     6387      639       91      481      252      192      219      378      188     2233      850     7322      464      326       91      427      249       92      320     7369     1578      199     7815     1061       46     1136      191      630     1978      622      469       12      359     2016      369    30915     1820      766      284      453      214
     9377     7964     3952    50333     9718     8343     3325    57794    22448     1756    15265     9060     2585     4375     9109     8650     3149    47819    10762    11054     4633     5494     7533     1305     2441     2642     2895    14415     3932    21963    61771      893    19365     6039     3947    29045     3453    17982      745    24150    35975     3105     2336   748794    10934    20668     4651     1120
     1736    11423     2402    72412     9742     1530      336     7732     4042    20735     5601     2607     2377     3842     1907     2402      849     3529     2044     4283     5018     1283     4567     9783     2428     4960      807     2050     3227     5474     3371     1867     3580     4756    58887     2607      512     2162     1432     2244    17153     7720      282     6808   386732      675     2524     2659
     1764     1553      644     5529     1337      790      667    16289     3597      295     3075     2942      391      694     6447     1343      278     6356      842     3548      344      537     1430       98      324      352      216     1955      542     2500     6084      115    30072     1116      487    10411      177     3650      151     3647     5599      362      115    18441     1112   118777      712      340
     2092    15201     2719    32773    10599     2133      211    24275     5188     1852    40007     8131    10239     3002     3133     2412      405     2308     3731    17138    37098     2201     6922     2442     2117     3329      741     2642     2869     6482     4076     2404     7891     3169     4235     3802      294     1780     1907     3262    17966     1852      366     5249     8271      634   477629     1968
      323     2820      597     6309    11313      175       80     1125      711     2748      925      350      720      986      250      639      113      284      184      848      827      432     1205     4998     3515      928      255      287     1977      620      323      815      797     1826     2195      397       27      276     2153      226     4840     6232      117      644     3595      272      507    36376
