    38675        9       11       46       11        6        1      166      199        1       19       12        3       10       18       35        2       13        7       19        3       56       12        1        4        2        3        9        4       16       40        1       23       12        3       11        1       27        1       87       84        3        0       35       11        2        5        1
        9    30069       11      315       69        7        1       44       19       14       42       19       13       13        8        9        4       11       14       38       22        6       23        8        8       44        5       13      137       29       19        4       35       19       29       24        2       11        6       15      101       35        3       24       43        3       16        7
       13       13    22475       51       13        2        1       37       20        2       27       12        6       18        9       41        1        4        3       16        4       28       64        1        6        4        1        3        6        7       13        1       10       69        4        6        0        8        1       51      172        3        0       13        8        2        6        2
       47      375       54   258044      195       58        8      242      105       74      185       65       35       51       34       61       18       83       95      121       61       34       98       29       32      256       21      102       90      200      106       12      120       79      273      103       20       47       13       68      472       99        9      176      355       10       48       19
       14      125       15      265    30793       12        3       70       32       15       48       21       20       50       12       14        5       20       19       43       27        9       42       17       33       27        8       21       62       39       21        7       34       35       27       27        2       11       10       13      165       40        3       33       46        4       22       38
        4       13        1       70        9    30783        3      122       21        2       18        7        2        3        4        4       22       18      102       13        5        3        7        1        1        3       26       44        3      123       24        0       17        4        3       35       26       18        0        7       27        2       15       39       16        2        4        0
        1        2        1        9        2        2     5937       19        6        0        4        2        0        1        1        1        1       40        4        3        1        1        1        0        0        1        1       16        0        8        6        0        4        2        0       44        1        4        0        3        8        1        0       12        2        1        1        0
      143       46       25      228       54       62       13   107365      382        8      110       88       13       18       60       54       26       85       79      139       26       45       44        4        9       23       27      118       20      238      193        3      168       25       11      126       18       98        4      121      222       10       10      175       34       28       32        5
      148       17       12       87       21       12        4      303    57579        2       39       24        5       14       29       27        4       30       17       34        9       30       21        2        3        5        4       29        6       44      119        1       48       16        4       34        3      116        1      117      102        5        1       73       17        8        9        2
        1       29        2       95       18        2        0        8        4     9530        6        2        2        3        2        2        1        2        2        4        4        1        4       16        2       20        1        2        6        4        2        1        4        3       51        4        1        4        2        2       20       58        1        7       91        0        2       13
       34      135       41      334       73       28        5      317       96        5   111288      186       76       32       47       26        6       35       32      120       59       33      189        5       18       23       11       48       18       64       60        6       96       32       15       51        5       31        5       73      247       11        2       70       38        7      169        5
       22       44       13       91       25        9        2      197       54        3      147    53004       11       13       96       13        3       13       11      106       16        9       37        2        5        7        3       13        6       21       38        2      116       16        5       27        2       18        2       53       97        4        1       33       14        7       22        3
        5       69       14       70       53        3        1       45       17        3       94       17    27357       32        6        6        2        6        5       18       75        3       62        3       73        7        1        6        7       12       14        3       16       14        6        9        1        5       20       10       89        4        1       14       13        1       37        5
       15       33       27       74       60        4        1       35       25        3       31       14       16    23060       12       10        2       11        6       17       13        6      179        3       30        6        2        9       14       15       17        3       19       79        6       16        1        8        4       13      138        6        1       22       18        2       10        5
       28       13        8       41       13        5        2      119       63        1       39      113        4       12    35719       12        2       13        6       34        6       10       23        1        2        3        2        8        3       19       49        1      124        9        3       19        1       21        1      131       62        3        1       39        9       18        6        1
       59       14       53      104       21        7        2      102       60        2       32       15        5       14       15    42472        3       16        9       25        6      122       25        2        5        7        3       18        9       26       34        1       25       26        5       20        1       16        2       41      370        4        1       35       15        5        8        4
        2        5        1       18        4       18        1       41        5        0        4        2        1        1        2        2    11199        5       38        5        2        1        2        0        1        1       50        7        2       18        8        0        4        2        2        9        5        6        0        3       11        1        5       14        4        1        2        1
       11       13        3       85       16       16       43      122       34        1       21        9        3        7        8        8        6    43065       21       18        5        6       11        2        3        4        7       38        5       50       59        1       26        6        3      114        4       25        1       16       48        3        2      215       12       32        5        1
        6       17        2      115       17      100        4      170       26        0       25        9        3        4        5        6       67       30    55915       18        7        3        9        1        2        4      279       45        5      113       30        1       24        5        5       43       94       13        1        9       36        3       28       48       14        3        8        1
       24       71       15      163       37       15        4      299       59        5       99       97       11       14       29       15        5       24       22    88742       30       11       30        3        7       12        7       25       10       43       53        3      134       14        7       37        3       24        3       50      111        8        3       50       23        6       48        4
        4       57        5       99       41        7        1       55       18        3       48       13       44       13        7        5        3       10       11       26    40743        2       18        9       14        8        3        9        8       18       12       52       16       10       10       12        1        5       32        8       72        5        1       16       27        1       95        4
       72        8       27       43        9        2        1       70       44        1       27        9        3        6       11       93        2        7        4       14        3    25139       13        1        3        4        1        6        3       10       19        1       12       13        1        7        1       16        1       91       97        2        1       21        6        2        7        2
       13       36       62      107       36        8        2       81       39        4      150       27       36      189       19       17        2       13       11       31       19       12    48239        2       21        9        2       14        9       20       25        3       31       50        8       17        1       11        4       32      135        5        1       30       17        2       15        5
        1       24        2       48       25        1        0        7        3       19        5        2        4        3        1        2        1        2        2        6       12        1        5     4833        5       10        1        1        5        4        3       13        4        5       19        3        0        1        8        2       15       13        0        4       51        0        5       25
        4       33        8       51       62        2        1       16        8        4       21        7       60       41        3        5        2        4        3       11       16        5       28        3    15235        5        2        3        7        6        8        5        8       12        4        5        0        3       18        5       56        4        0       12       11        1        8       15
        3       42        3      212       16        2        1       24        6       13        8        4        2        4        3        5        1        3        4       10        5        4        6        5        3     8865        1        6        9       10        6        1       10        6       21        6        1        3        1        4       27       24        0        8       20        1        3        4
        2        5        1       20        4       17        1       40        6        0        5        3        0        1        2        2       51        5       99        4        2        1        2        1        1        2     9634        8        1       19        6        1        5        2        2        9        6        4        1        3        9        1       27       10        4        1        2        1
       11       24        4      132       19       49       21      303       52        2       36       11        3        7       10        8       12       56       56       23       10        5       13        2        2        9       14    73570        6      335       65        1       32        6        4      300        9       29        0       14       58        4        9       82       15        5        6        1
        5      171        6       86       50        2        0       22        9        4       11        5        4       10        3        7        2        5        3        8        4        4        9        3        4       13        2        4    13855       11        7        1       11       19        6        7        0        5        2        6      167       14        1       11       14        1        4        6
       25       60        8      303       41      237       16      720       90        4       63       23        7       15       19       20       25       97      156       53       16        8       24        3        6       18       42      763       15   170368      135        3       72       18       10      222       23       65        2       29      133        7       34      163       30        8       13        3
       35       18       10       95       17       18        7      171      132        3       33       24        6       13       26       18        7       56       23       36        9       14       19        2        4        5        6       40        7       64    60509        2       52       13        6       50        4      193        2       61       77        5        3      193       17       18       11        2
        2       16        1       25       18        1        0        8        3        2        6        3        5        4        2        2        1        2        1        7       70        2        4       16        7        3        1        2        3        4        4     6415        5        3        4        3        0        2       19        2       20        4        0        4       11        0        7        9
       30       69       11      182       42       21        6      388      113        3       88      121       10       18      114       18        6       47       32      159       20       11       32        3        8       12        9       41       11       70       95        3   104196       19        7      111        5       51        2       58      145        8        3       88       23       64       21        3
       16       37       87      116       48        4        3       51       31        4       35       22       11       90       12       24        3       11        7       31       10       12       79        4       11        9        2        9       26       17       21        2       28    31093       10       17        2        9        4       26      392        8        1       21       18        4        9        6
        3       51        4      267       22        4        0       15        7       41       10        4        4        5        3        3        2        5        6        7        8        2        8       12        3       27        1        4       11        8        7        2        6        7    25965        5        1        2        2        5       35       14        1       10      242        1        5        6
       17       42        5      146       29       42       58      316       71        3       47       28        6       11       18       15       11      164       50       47       11        8       18        3        4        9       16      306        9      166       92        2      134       12        6   114326       11       43        2       25      101        5        6      173       19       31       12        3
        1        3        1       21        2       25        0       34        3        0        4        1        0        1        1        1        7        6       62        3        1        1        1        0        0        1        9        8        1       17        4        0        3        1        1        8     9223        4        0        2        6        0        3       19        3        0        2        0
       25        9        5       43        8       12        5      109      150        2       17       11        3        6       12       11        6       23        9       16        3       10        9        1        2        4        4       19        5       33      199        1       24        8        3       25        4    32178        1       34       44        2        1       68       12        6        5        1
        2       17        2       24       20        1        0        6        3        2        6        2       19        6        1        2        1        2        1        4       36        1        6        6       22        3        1        1        4        2        2       15        3        4        4        2        0        2     6678        2       18        3        0        3        7        0        5       13
       80       13       37       70       14        6        2      140      171        2       36       34        6       11       91       23        2       18        8       32        7       92       28        1        3        3        2       13        5       19       76        1       44       15        4       18        1       33        1    45833       92        3        1       67       13        6       10        2
      105      145      165      600      168       35        9      308      161       18      169       90       36      104       65      244       12       70       46      147       46       76      141       12       31       35       12       72      187      132      108        9      144      262       35       95        8       50       10      116   157040       29       12      134       88       19       40       25
        4       70        2      144       44        3        0       15        7       38       10        5        3        5        3        4        2        6        5       12        6        2        8        8        4       35        2        4       21        8        5        3        9        8       17        7        0        3        4        4       37    15883        1       10       33        1        4       22
        1        3        0        8        3       10        1       18        2        0        1        1        1        1        1        1        6        3       23        1        1        0        1        1        0        1       32        4        1       23        4        0        2        1        1        4        2        1        0        1        6        1     5064        6        2        0        0        0
       32       22        9      167       27       29       12      202       78        4       43       22        7       16       28       20       12      230       32       36       11       16       23        3        6        8       10       56       12       84      219        3       59       13        9       96       16       69        3       67       96        7        4    55130       26       47       11        2
       15       63        8      356       37        8        1       41       25       65       27       11        7       13        8       11        4       16       12       21       17        6       15       29        6       25        5       13      120       26       21        5       23       15      188       17        2       11        5       12       77       23        2       35    42740        2       10        8
        6        5        2       15        5        3        4       81       22        1        8        9        1        2       24        4        1       41        3       10        1        3        4        0        1        1        1        6        2       10       65        0       83        4        0       37        1       25        1       14       22        2        0       91        3    18500        2        1
        6       54        9       85       31        7        1      100       24        3      144       27       24        9        9        6        2       10       16       55      122        7       18        3        6       11        3       10        7       17       19        5       30        8        7       13        1        8        5       14       67        4        1       18       16        2    46240        3
        2       25        3       36       62        1        0        7        3       12        6        3        3        7        2        2        1        2        1        7        6        1        6       23       12        8        1        1       11        3        2        4        4        7        9        3        0        1       12        2       24       28        1        4       13        1        5     4710
