        0     2349     2846    13357     3007     1474      395    49366    53246      280     5644     3938      745     2194     5144     7561      524     3782     2363     6049     1165    14678     3793      182      817     1147      475     2526      796     5474    11394      301     6958     2884      887     3283      398     7356      229    24968    17123      790      182    11009     2778      773     1491      295
     2374        0     3825   109134    19962     2545      512    14994     6293     4832    14446     7665     5373     5513     2668     2040     1241     4318     4384    10903     7376     1524     7789     2680     3238    20645     1394     4029    15003     9807     6523     1143    11799     5700    11466     7199      844     2814     1670     4901    28364    12297      552     7431    18421      959     6074     1671
     3719     3830        0    16183     3147      501      440    10756     6592      819     8438     3921     2662     5436     2295     9520      365     1306      925     4340     1840     5888    18762      639     1417     1545      341      934     1537     2032     3975      346     2906    17287     2016     1541      176     2613      459    15775    36117      744       84     3903     2994      439     2337      476
    15440   136465    20797        0    62397    16870     2783    94940    37396    26887    60827    23787    12861    19167    12288    17786     6191    28666    33916    37198    22317     9181    35765    11990    11765   110985     7168    29815    27437    64211    34260     3389    40706    29654   128797    36401     5918    16292     4520    23948   135305    38356     2850    58478   155394     3347    18308     5114
     3589    38514     3590    99461        0     4182      861    24379     9723     5584    17023     6217     8238    15057     4324     4265     1698     6457     7466    11650    11064     1837    13044     4765    11807    14751     2318     4827    15207    12408     7161     1995    10956    10836    11093     8159      777     3854     3616     4970    43342    11932     1116    11936    20715     1044     7133     8492
     1753     5028      643    22615     3219        0     1442    58462     8038      478     6454     2913      677      998     1053      939     9621     7111    40283     3967     1912      732     2157      375      387      829     9012    12430      712    40402    10290      123     6655      716     1480    16193    11042     7049       96     3395     7555      824     7018    14899     3943      832     1876      132
      490      664      149     2433      628      695        0     6212     1200      116     1003      451      106      109      563      227      307    12649     1392      841      308      320      422       77      121      194      218     4096      230     2561     2781      117     1315      521      113    14132      208     1084       17      614     1573      158      260     4121      540      627      335       34
    44215    14919     7250    71766    15102    15854     3584        0   119073     1763    35376    26447     4513     5594    20125    13255     7434    26076    24039    37601     8557    10237    15049     1584     2620     7940     6588    29992     4755    64214    67399      988    51789     7537     4842    38888     4439    34553      780    38082    55878     3671     3053    55125    12518     8588    10818      877
    42180     5354     3508    27354     5192     4209     1176    91891        0      664    11214     7015     1696     4088     9814     6577     1245     9840     5586    10197     2577     5890     6483      494     1311     1550     1077     8196     1490    13656    36314      365    15374     4030     1787    10800      981    35827      476    33025    25364     1304      508    24032     6364     1990     3479      295
      373     7561      642    24342     4400      352      169     2563      959        0     1346      782      702     1076      468      307      170      822      557     1235     1495      228     1511     4581      918     8403      260      587     1769     1549      947      375     1128      815    17133     1240       95     1051      595      719     4389    18455      180     1856    31111      148      780     2160
    12224    39171    14477   109546    20502     7288     1556   102286    28820     1824        0    76458    30316    11383    16587     7263     1815    10467    12439    42367    24936    11927    57980     1706     5843    11154     2450    12821     5274    22088    18403     1117    31607     7235     5537    16847     1958    10470     1691    27140    57371     2788     1015    23030    13672     2042    75069     1320
     5534    10863     3498    28099     6703     2352      782    58374    14151      639    45547        0     3754     3975    28782     2855      887     4654     3664    30354     5893     2759    10474      660     1618     3157      904     3879     1718     7396    10713      607    36547     3232     1793     8350      470     5699      560    15421    21270     1201      524    10439     4330     1828     9222      713
     1168    15963     4916    21628    11143     1256      317    13530     4349     1176    32490     5828        0     8899     2194     1047      436     2016     1949     5725    24608      858    21807     1091    20773     2488      446     1762     1871     3965     4002     1131     5050     3458     1957     2762      290     1645     6929     2933    15590     1274      224     3805     5218      496    13038     1024
     3346    10281     7584    23332    16476     1501      427     9812     5930     1085     9220     3961     5350        0     2446     2750      489     2924     1696     4468     8915     1408    52458      956     9637     2168      544     1818     3416     3792     4645      656     5024    19309     2670     3973      344     1985     1386     3931    30202     1620      263     6551     6016      492     3399     1295
     6395     3167     1923    11203     3326     1065      305    32263    18369      297     9797    32605     1257     2558        0     2747      564     3991     2311     8185     1423     2278     6039      352      755     1100      544     2313      875     4108    13780      233    37389     2276      942     5008      307     6056      278    30467    12901      667      231    12717     2380     5362     1612      361
    18788     5052    15577    40459     7068     2972      602    42647    32867      740    10126     4693     1694     3725     4944        0     1387     6857     4064     6538     2842    36353     7834      525     1637     3379     1075     4759     2162     8282    12881      575     7097     7970     2199     5132      778     7228      435    16557   102994     1239      499    14342     6003     1108     3054      839
      655     1348      274     5826     1055     4563      339    14574     1692      187     1079      674      435      397      331      424        0     2008    13800     1249      673      243      614      145      280      556    11258     1644      563     5632     1952      204     1582      606      670     2823     1757     1521      156     1079     2475      362     2276     4878     1190      369      584      157
     3341     4584     1088    28371     4950     5471    14203    46831    11336      545     6659     3681     1143     1949     2713     2407     2295        0     8790     5325     1954     1648     2962      492      889     1519     2088    12642     1923    17359    21791      207    10025     1849      950    45327     1393     8512      242     6042    13773     1293      899    70784     4628    14208     2177      244
     1810     6169      767    44952     5915    31303     1307    81684     9180      562     8803     3267      929     1421     1883     1490    27743    11251        0     5608     3286      754     2719      461      656     1981    83484    13433     1948    49538    11115      188     8486     1133     2386    18115    29790     4967      163     3300    10536     1111    13632    14850     5125      703     3013      298
     9706    21398     5592    56465    10457     3784     1051    99552    20696     1079    36195    33671     4142     4121    10833     4063     2043     8141     7779        0     9902     4094     8520     1358     1777     5789     1929     6662     2454    15127    18870      924    48106     4351     3040    13712      973     9343     1032    21856    30245     2359      581    16196     8436     2699    17597      810
      892    17350     1857    33974    10355     2132      353    17361     5186     1361    15922     4246    15086     3791     1816     1063      879     3413     5016     8758        0      783     7276     2833     3969     3337      920     2996     1837     6262     4509    17613     5366     2567     4374     4021      479     1468    10524     3140    15986     1529      435     4999    11295      434    40768      954
    20039     1985     6996    12994     2121      947      195    18733    14787      547     9233     3122     1003     1393     2528    20821      590     2106      975     4294     1108        0     4409      197      914     1210      292     1555      975     2612     5710      163     3830     2489      690     1970      280     4596      290    25336    20291      761      162     7211     2319      343     3046      183
     4566    11934    18093    35739    10396     2430      543    26078    11754     1488    42476    10663    12188    51602     6310     4443      681     4460     3540     8321     6126     4077        0     1037     6922     2514      906     3358     2641     6250     7620      575     9193    14335     2906     5921      558     3621      937    10691    32970     2197      313     9199     6430      761     5292      912
      369     7448      325    16442     6471      541       32     3320      909     7265     1892      969     1294     1374      392      476      389      829      890     1562     4924      232     1805        0     1654     5423      368      418     1666     1539      981     4272     1187     1304     8350      985      188      680     1838      523     4025     3491      213     1671    24817      203     1452     6044
     1078     7982     2400    16397    16799      682      212     6823     2155     1203     6886     2070    16719    12700      902      942      475     1614     1055     2841     6252      508    10102     1106        0     1939      677      876     1791     2613     2263     1134     3207     3173     2073     1616      334     1427     6057     1541    13226     1612      105     4082     3832      173     2594     3413
      746    10934     1010    51894     4261      505      180     7165     1486     4215     2992     1323      678     1125      806      764      389      993      925     2630     1351      536     1893     1295      685        0      402     1363     1972     2335     1599      329     2519     1521     7762     1565      150     1455      520     1305     6495     6744      178     2351     7337      233     1575      869
      537     1766      157     6351     1375     4613      254    17715     1829      155     1490      737      320      251      510      233    15393     1581    25890     1289      876      331      615      206      249      548        0     1829      560     8834     2514       68     1715      571      875     3401     1978     1854      238     1140     2456      522     7814     3664     1474      165      603       81
     4288    10702     1011    45297     7020    18136    11989   150954    19340      533    11517     4963     1256     2415     2998     2368     4877    24168    25446     7041     3002     1136     3951      710      587     4378     5256        0     1798    95814    32476      204    11867     2258     1643   137613     5209    14074      251     6404    18862     1233     4101    35375     5081     3175     2836      296
     1640    23080     2142    29828    15604      733      197     7326     2809     1259     3590     1852     1271     2987     1020     1516      483     2030     1367     2355     1381      746     2885     1200     1302     7050      520     1137        0     2768     2404      460     3121     5679     3068     2068      239     1466      634     1865    42001     3718      196     3769     5885      391     1279     1037
     8065    23753     2513   124561    14327    77338     6628   361295    39961     1230    23748    10811     2833     3776     6139     5610     9365    41978    76228    17150     6662     2791     7774     1193     1821     8779    13806   218617     5638        0    63243      621    29991     4381     4286   102237    13386    28325      929    12805    38774     2744    12859    68152    11796     3485     6454      726
     9253     5377     2955    26283     4689     4581     2173    50175    40326      688     8228     6235     1818     3081     7938     4403     2072    16518     6487     8818     2687     2554     5461      728     1054     1784     1451     8969     1781    17944        0      412    14511     3706     2032    15831     1236    52710      462    19975    19416     1337      932    55330     5848     4015     2826      359
      463     4493      399     9024     4894      443      187     2883     1196     1114     1694      771     1712     1410      586      459      331      941      500     1512    26677      273     1235     4489     2457     1439      308      652     1165     1234     1042        0     1488      866     1843      975      140      763     6092      563     4982     1093       75     1480     4840      176     2489     1791
    10090    19984     3336    53725    11238     7130     1977   120121    31327     1130    29922    45982     3481     4927    40968     4209     2228    14901    11293    46965     5655     3343     9849     1111     2007     5259     2396    10377     3256    23710    33191      862        0     5133     2281    39898     1840    17568      830    20833    31090     2469     1136    30123     7776    20963     7403      719
     3977    11843    24039    42565    11480     1949      690    18067    10249     1452     9570     6018     3939    24684     3045     5973      858     3491     2538     6912     3325     2854    23377     1132     3517     4629      823     2862     6262     5271     7077      491     7411        0     3438     3965      517     3473      781     8981    95456     2251      216     8407     7601      821     2808     1244
      968    11268     1484    80550     6145      929      159     4564     2310    11925     3025     1546     1320     1468      891      803      642     1532     2201     2637     2573      332     2641     3353     1026     8223      458     1441     1648     3392     2094      519     1701     1875        0     1807      242      800      680     1522     7488     5298      329     3001    78006      192     1606     1057
     5358    13148     1631    49590     8644    12985    22961    99491    20061     1228    14726    10787     1819     2884     5304     3441     3991    53037    18595    11841     4668     1801     5038     1075     1380     2916     4442    92214     2770    60902    30065      624    47000     3279     2156        0     3616    17610      474     8710    22155     1482     2420    59286     6218    12504     4629      803
      248     1121      145     6505      471     7413      267    14628     1126       56     1307      456      114      286      285      504     2677     1758    21437      759      372      217      357       60       81      306     3242     2548      133     6466     1971       37     1092      294      323     2760        0     1269       47      509     1424      129     1264     4459      818       69      493       54
     6294     2547     1163    13547     2301     3336     1126    31017    39840      549     5431     3184      902     1335     3819     2916     1339     7803     2565     4782     1080     2338     2894      344      675     1058      850     4945     1128     9489    54314      309     7119     1700      764     7279     1119        0      232    10194    10467      510      251    21930     3189     1441     1698      271
      383     5027      353     7697     5195      339       64     2160     1004      759     1926      998     6189     2328      328      485      130      599      277     1056    13899      232     2006     1996     6815     1166      139      304      923      955      887     3937     1150     1207     1266      737       71      485        0      727     3895     1096       70     1202     2686       93     2263     2663
    22089     3436     9428    18566     3625     2058      759    36238    43398      405    11560     9146     1344     2603    19858     5737      943     5096     3140     9430     1824    24303     7923      403      846     1409      670     2657     1180     5929    21038      146    12229     3695     1166     5293      483    11229      393        0    21226      936      284    21058     4243     1940     3119      306
    27375    43671    46592   203815    48042    12840     2956   114454    63898     6361    55292    28543    14599    29655    16792    55927     3844    25169    17771    42303    18415    20505    43137     3985    11007    16795     4436    20731    44732    41771    39698     2697    45043    69662    14334    28390     2725    18905     3189    40652        0     9332     1573    52596    34511     4541    15613     3954
     1164    18018     1182    51265    12398     1111      358     5028     2823    11837     3371     1630     1243     1464      769      756      488     1913     1647     2531     1707      491     2579     2635     1495    16874      506     1332     3501     2865     1821      543     2850     1850     7387     2160      276     1199      561     1777    10304        0      169     3604    13508      524     1503     4349
      172      915      177     3132      943     2822      194     6215      552       73      400      374      161      161      271      191     2655     1019     7998      461      240       69      301      100       39      174     8016     1157      189     7819     1546       34      616      214      379     1705      695      623       62      407      897      234        0     1653      587      143      317       27
     9009     6937     2639    46849     8776     7785     4401    66913    25470     1498    13218     7509     2229     4554     8270     5190     4209    64014    11749     9400     3120     3813     7010      929     1984     2828     2875    13887     2927    24065    76049      535    18106     3589     2858    30468     4200    21770      604    22077    25300     2817     1505        0     8769    16497     3941      516
     3283    17255     2182    99980    10611     2269      395    12326     7200    19696     6711     2887     2277     3896     2411     2369     1384     5063     4379     5776     5735     1205     4577     7876     2037     7560     1071     3540     2989     8447     5464     1213     5052     3762    59020     5093      882     2745     1275     3939    17478     7685      565     9632        0      547     3690     1547
     1798     1381      587     4503      956      845     1168    20808     5792      131     2379     2830      235      625     7132      805      352    12162     1004     2792      374      483     1041      238      446      509      347     1941      389     2495    27784       72    27622      855      330    12079      240     8499      177     4432     4021      460      211    31760      719        0      543      134
     2126    14756     3771    27847     7555     2218      569    30908     7473     1134    47824    11252     8749     2289     2764     1437      974     3418     4564    17163    46822     2231     5783     1228     1903     3791      807     2955     1924     5113     6761     1272     8242     2241     2787     4870      535     3009     1553     5701    15317     1550      387     6507     5938      529        0      624
      364     8092      967    12762    14482      326       67     2465      977     3741     1868     1026     1086     2338      596      705      294      551      520     1730     1959      457     2074     5674     4249     6744      170      383     2724     1393     1099     1060     1494     1971     3606     1183       81      519     3242      630     5761     7678      247      996     5438      210     1270        0
