    41360        8       11       43       13        6        1      198      209        1       19       12        3       12       18       35        2       12        7       16        3       57       11        1        4        2        3       10        4       16       41        1       20       12        3       10        1       26        1       73      101        3        1       31       10        2        4        1
       11    39308       13      358       80       10        1       62       27       17       46       23       16       16       10       10        4       15       19       37       22        7       29        9       10       47        6       20      216       39       24        5       38       24       35       22        3       13        7       13      126       43        4       25       53        4       17        9
       12       13    26382       48       13        2        1       42       21        2       25        9        6       18        8       41        1        4        3       12        3       25       51        1        5        4        1        3        6        7       13        1        8       90        4        5        1        8        1       39      199        2        0       11        8        1        5        2
       46      361       61   302464      212       60       10      296      128       82      178       62       38       57       35       68       20       84      112      106       66       36      109       32       35      273       25      132       90      248      123       13      115       90      299       96       20       53       15       65       51      106       10      188      393       11       49       20
       13      131       14      236    34147       12        3       77       32       15       38       18       20       48       10       14        5       21       20       39       24        8       35       18       34       26        7       22       55       42       24        7       26       37       26       29        2       12       11       13      168       39        3       32       44        4       16       38
        4       12        1       61        9    32399        3      133       22        1       16        6        2        3        4        4       21       15      102       10        4        3        5        1        1        2       22       47        3      131       26        0       15        3        3       28       26       16        0        6       28        2       12       35       16        2        4        0
        1        2        1        8        2        2     6681       21        7        0        3        2        0        1        1        1        1       42        4        3        1        1        1        0        0        1        1       13        0        7        6        0        4        2        0       38        1        4        0        3        8        1        0       11        2        2        1        0
      167       51       29      260       61       63       12   133894      374        9      118       87       15       21       67       62       29       82       93      118       26       53       52        4       10       25       33      119       22      253      199        4      173       30       13      127       17      108        4      136      262       11       10      176       40       33       32        6
      156       21       13       88       22       14        5      325    69715        2       37       22        6       16       31       31        5       34       20       31        8       29       22        2        4        6        5       32        7       59      112        1       44       18        5       34        4      116        2      126      118        5        1       71       19        8        9        2
        1       28        2       92       19        2        0        8        4     9736        4        2        2        3        1        2        1        2        2        4        3        1        4       16        2       20        1        1        6        4        3        1        3        3       42        4        0        3        2        2       23       57        1        6       75        0        2       13
       28      129       40      275       64       27        4      326       95        5   112434      133       68       28       41       25        5       32       34       85       47       33      150        4       15       22       11       51       16       71       58        6       69       49       14       46        4       30        5       55      324        9        3       67       31        7      141        5
       19       44       12       76       25       10        2      204       52        2      119    53603       10       12       86       21        2       14       11       71       14        9       34        2        5        8        4       17        6       21       36        2       97       27        5       29        2       19        2       51      146        4        1       33       12        6       19        3
        3       61       11       57       46        3        1       39       14        3       71       13    25645       27        4        7        2        5        4       14       64        3       45        3       59        7        1        6        7       10       12        3       13       20        5        6        1        4       15        7       78        4        1       12       10        1       30        6
       15       32       21       61       52        5        1       34       25        3       25       12       15    23918       11       10        2       11        6       15       10        6      148        2       27        5        2       10       13       15       18        3       18       78        6       14        1        9        4       13      151        6        1       18       15        2        9        5
       24       14        7       38       12        5        1      120       60        1       35       90        4       11    36069       13        2       14        7       23        6        9       20        1        2        3        2       10        3       23       46        1       98       12        2       17        1       21        1      148       84        3        1       36        9       17        6        1
       61       16       61      108       24        7        1      100       57        2       30       16        5       12       17    43387        3       14        9       23        6      144       27        2        5        7        3       16        8       25       32        1       25       28        4       18        2       17        1       39      336        4        1       33       15        5        8        3
        2        4        1       17        4       16        1       52        5        0        4        2        1        1        2        2    11975        5       42        4        1        1        2        0        1        2       50        6        2       15        8        0        4        2        2        9        5        6        0        3       13        1        6       12        4        1        2        1
       11       13        3       81       15       14       45      116       36        1       20        8        3        7        9        8        6    47978       20       14        5        6       10        1        3        4        5       36        5       51       52        1       25        6        3       95        4       23        1       16       51        3        2      188       14       33        5        1
        6       17        2      104       15       92        3      176       28        1       21        7        2        4        5        6       48       24    57751       14        7        3        8        1        2        4      221       39        5       97       25        1       20        5        4       33       88       11        1        8       36        3       21       37       12        3        6        1
       24       81       15      153       49       17        5      346       61        4       86       88       10       14       28       24        4       25       24    90537       25       11       31        3        7       17        7       33       10       49       56        3      124       32        7       33        4       27        3       45      213        7        2       50       22        6       42        4
        4       57        5       83       45        9        1       57       19        3       38       10       42       14        5        7        2       10       10       18    42831        2       16        8       13        9        3       10        8       20       13       48       13       14       10       11        1        5       31        9       81        5        1       15       24        1       79        4
       61        7       24       38        8        2        1       70       44        1       27        8        2        6        9       92        1        8        3       11        3    26733       13        1        3        4        1        7        3        9       15        1       11       13        1        6        1       15        1       78      101        2        1       20        6        2        6        1
       12       35       56      100       36        8        2       87       39        4      121       23       35      155       21       17        2       13       11       22       16       11    50967        2       19       10        3       15        9       20       27        3       26       80        8       15        1       12        4       27      186        7        1       26       17        2       14        5
        1       23        1       35       22        1        0        6        3       16        3        2        2        3        1        2        1        1        2        5        8        1        4     7605        3        9        1        1        4        3        2       12        3        6       14        2        0        1        6        1       15       14        0        2       38        1        3       20
        3       30        6       39       61        2        0       17        8        3       14        5       48       37        2        4        1        4        3        6       13        4       24        3    15098        5        2        4        7        6        6        4        6       15        4        4        0        3       16        4       55        4        0       10        9        0        6       13
        3       55        4      231       17        4        1       28        7       15        9        4        2        4        3        5        1        3        6       12        4        5        7        5        3    11004        1       11       10       15        7        1       10        7       24        6        1        4        1        6       36       28        0       10       24        1        3        4
        2        6        1       21        4       18        1       57        8        1        5        2        0        1        1        2       54        6      138        3        2        1        2        1        1        3    11752       10        1       21        7        0        5        2        2        9        6        4        1        3       10        2       29       10        4        1        2        1
       11       24        3      132       18       44       20      265       45        1       37       11        4        7        9        9       10       45       46       20        7        5       13        2        2        8       12    79348        6      319       54        1       32        6        4      260        7       24        1       12       61        4        7       66       14        5        6        1
        5      199        7       80       56        2        1       26       10        4       11        5        4       11        3        8        1        5        4        8        4        4        9        4        4       16        2        4    16812       11        8        1       10       22        7        7        0        4        2        6      178       18        1       12       14        1        4        7
       22       56        7      278       37      190       15      599       86        3       56       20        6       14       18       19       19       69      140       40       14        8       19        2        6       18       35      689       14   173518      116        3       65       18        9      164       18       56        2       25      127        6       23      129       27        8       13        3
       33       19       10       92       16       19        6      192      132        3       29       19        6       12       25       19        6       56       24       27        8       14       18        2        4        6        6       38        6       65    68046        2       43       14        5       44        3      175        2       60       81        5        2      165       18       16        9        2
        1       14        1       18       15        1        0        7        2        2        4        2        3        3        1        2        1        1        1        4       54        1        3       14        6        3        1        2        3        3        2     6152        3        4        3        2        0        2       18        1       16        3        0        2        8        0        5        8
       26       60       10      155       38       24        5      432      109        3       75       98        9       16      107       21        5       44       34      119       15       11       27        3        7       12        8       40       11       69       89        3   104238       28        7       94        4       49        2       52      235        7        3       76       20       60       18        3
       15       36       91       98       47        4        2       49       28        4       34       19       10       70       12       22        2       10        6       29       10       10       77        3        8        9        2       10       20       17       21        2       27    31474        8       15        1       10        3       24      348        7        1       18       16        4        9        6
        3       49        4      287       29        3        1       17        8       40        9        4        3        5        2        3        1        4        6        6        7        2        7       12        3       31        2        4       10        8        7        2        6        7    26985        5        1        2        2        4       46       14        1       10      201        1        5        9
       13       40        4      121       26       42       45      328       67        3       40       22        5       10       14       16        9      152       49       32       10        8       15        2        3        8       15      255        8      149       86        2      104       14        5   113786       10       42        2       20      138        5        4      158       17       28       10        2
        2        2        1       19        2       27        1       40        3        0        4        1        0        1        1        2        6        5       65        2        1        1        1        0        0        1       10        9        1       16        5        0        3        1        1        6     9858        4        0        1        7        0        4       19        2        1        2        0
       22       11        5       41        9       15        5      128      146        2       16        9        3        6       12       11        4       23        9       13        3       11        9        1        2        4        4       21        4       39      185        1       22        8        2       23        4    35700        1       30       47        2        1       70       13        6        4        1
        1       16        2       18       17        0        0        7        3        2        4        2       14        5        1        2        1        1        1        3       27        1        4        5       18        3        1        1        4        2        2       14        2        5        3        1        0        2     6792        2       17        3        0        3        6        0        4       12
       71       16       38       61       15        6        2      166      176        2       37       30        5       10       96       23        2       17        9       25        6       81       26        1        3        4        2       14        5       24       84        1       37       17        4       21        1       36        2    49194      128        4        1       60       11        6        7        2
      112      163      164      568      173       39       10      341      178       18      186       99       32       89       75      267       14       78       50      158       52       73      168       13       28       37       14       80      173      150      124        9      159      291       33      102        9       59       10      132   181207       28       12      143       78       19       45       22
        5       75        2      157       47        3        1       17        7       40        9        6        3        5        4        4        2        5        5       13        6        2        8        9        4       39        2        5       20       10        6        3        9        9       17        7        0        3        4        5       48    17908        1       10       31        1        3       23
        1        3        0        8        2       10        1       21        2        0        1        1        1        1        1        1        5        2       26        1        1        0        1        1        0        1       37        4        1       23        5        0        2        1        1        4        2        2        0        1        5        1     5530        7        2        0        1        0
       29       21        9      155       28       29       11      215       82        4       42       21        7       17       29       21       12      236       32       29       11       17       22        3        6        8       10       60       11       87      195        3       54       14        9       82       14       61        2       64      103        7        4    62196       28       50       11        2
       15       63        8      362       42       11        1       45       27       65       25       10        7       14        7       12        4       16       14       19       16        6       14       30        6       27        5       15      119       30       23        5       25       15      172       18        2       10        5       13      100       21        2       35    46134        2        9        8
        5        6        1       12        5        3        4       73       19        1        7        8        1        2       18        3        1       35        3        6        1        2        3        0        1        1        1        6        2        8       58        0       63        5        1       29        1       22        0       12       27        2        0       80        2    17266        1        1
        6       52        8       70       31        7        1       96       24        3      123       18       21        7        7        7        2        8       14       40      111        6       17        3        5       11        3       10        7       15       17        4       23       11        7       10        1        7        4       15       78        4        1       16       14        1    46750        3
        1       22        3       31       64        1        0        7        3       10        5        3        3        6        2        2        1        2        1        6        6        1        6       20       10        7        0        1        9        4        2        4        4        7        7        3        0        1       13        2       24       24        1        2       10        1        4     4576
