 1392507  3452  3908  10007  4628  1239  360  41847  54238  627  5525  4732  890  2156  6699  8820  442  3457  1934  5781  1264  18791  4831  480  927  1368  333  3094  1022  4060  12009  179  7752  2590  1122  3692  258  8042  151  27801  19717  1085  237  10059  3094  835  1478  517 
 2797  1669415  4393  92452  31351  2334  599  17138  9304  6461  14858  7083  5771  6411  3400  2535  1370  3896  4406  11261  8069  1764  9919  4025  4207  23432  1576  4281  19700  9501  8506  1147  10114  8372  15610  7372  750  3393  2019  6159  38485  15848  830  9203  20789  911  7381  2446 
 3634  3574  879074  11340  4004  590  597  9705  6220  725  6698  3370  2021  5095  2951  9817  251  972  741  3935  1497  7323  22088  408  1280  1596  158  797  1408  1589  4458  318  2895  20212  1345  1583  74  2260  369  13528  37988  866  94  3065  2541  380  1753  352 
 16396  186151  28452  1.280247E+07  111322  15298  2539  94265  65590  35529  67970  32389  18287  27160  14136  22152  5397  28821  36335  40055  37325  12209  39492  14849  17442  199125  6424  26751  28678  65160  56269  3170  37471  37774  131836  34494  5669  17728  4908  31639  182789  60389  3141  62283  155577  3326  23316  6422 
 3772  34518  4285  56050  1459072  2824  663  22157  11349  5982  14136  6310  8042  14616  3847  3840  1911  5208  5719  8204  9313  2385  12622  6512  13345  11365  1914  3560  15626  9217  9559  2029  9300  11501  11444  7276  927  3567  3781  6139  46910  11776  1186  12022  17700  1194  6909  10444 
 1694  6580  706  17851  4615  966896  1160  47224  11399  393  6668  2613  853  855  1107  1765  7253  7113  38320  3617  1787  549  1776  431  471  1577  7569  10890  1151  39266  14669  159  5280  1206  1623  14554  9708  7207  168  3024  9107  1165  5506  14501  3521  1032  1865  200 
 529  972  221  2565  975  927  203833  7019  3077  84  1193  661  227  201  381  403  369  12962  1267  1009  345  254  589  99  113  329  330  4821  257  2872  3153  35  1499  447  221  16659  171  1598  66  1339  2184  304  154  4253  567  759  302  88 
 45656  21669  9039  65211  25575  17910  3687  5178134  157423  2888  37797  27708  5814  8015  22070  16777  8342  24489  29597  38793  9785  15234  17370  2339  3638  14850  8621  34896  5986  70218  96255  1058  47389  10267  6182  44123  5539  38495  1207  52918  80538  5495  3727  57700  16271  8632  13074  1472 
 48597  8739  4686  28610  11226  4662  1268  99225  2649844  1450  15221  8912  2312  4711  12908  10793  1474  10670  7133  12114  4487  9853  9411  1158  1581  3297  1485  7842  2264  18358  47514  286  17732  5660  3331  12118  1108  41149  662  42723  41940  3158  752  25665  9894  3084  3953  702 
 534  8576  726  15835  5647  452  65  2608  1546  399050  1318  848  1004  998  597  695  146  733  532  1627  1532  264  2162  6295  1022  6116  282  453  1391  934  1565  515  1351  1526  15479  1168  86  788  617  854  5523  19721  348  1686  26214  158  1177  2519 
 11307  47597  14114  74139  27263  6133  1363  86354  34632  2102  3970125  84760  32317  10926  18008  6110  1693  9135  11308  43144  29397  12977  60174  2191  6063  17570  1968  11520  6019  21043  21408  1639  30359  8454  7108  14617  1265  10318  1780  27693  64006  4096  879  19166  13415  2111  80569  1116 
 6479  13443  3954  20097  8184  1778  657  46933  14001  798  48023  2020411  4762  3418  33712  2698  844  3691  3514  31934  6292  2911  10367  617  1683  3755  782  3115  2075  6666  12262  394  36519  3908  3358  8126  479  6766  602  17028  22779  1956  481  8602  4914  1818  9402  663 
 1397  10734  3644  12194  11122  759  175  9201  3943  968  28695  5248  927043  8011  1452  1216  279  1500  1733  4590  22369  1168  17860  1154  20503  2616  381  869  1514  2432  4622  882  4148  3785  2332  2331  291  1482  7024  3705  15144  1427  85  3312  4503  358  12229  936 
 2358  8562  6097  12385  17242  590  255  11319  7038  1244  9429  3747  5905  862102  3090  2317  533  1968  1508  4379  3977  1398  58785  1080  9021  2354  405  1684  3009  2896  5169  767  4228  21482  2733  3129  231  2514  1392  4786  33340  1755  257  6027  5475  524  2930  1014 
 5878  3751  2648  7826  3516  942  249  25570  13758  453  9885  33889  1813  2207  1299535  5915  514  2621  1413  7172  1857  2450  6197  390  589  1371  709  2005  926  4194  12000  287  35231  2453  1212  4032  236  6537  329  33592  14432  1153  150  9002  2987  4725  2591  391 
 11902  3592  12563  17805  6462  1293  368  22121  20479  382  6310  3719  1230  2812  3365  1405539  468  5776  2086  4126  1994  33011  5720  540  1216  2999  384  2276  1704  5039  8578  338  4657  6248  1371  3074  355  4144  322  10712  86283  1494  196  8765  4586  694  1652  541 
 614  2374  229  4781  1408  3515  391  14228  1912  347  1134  782  365  435  660  694  368245  1907  14591  1289  601  356  530  355  204  794  12173  1806  575  5699  3760  84  1414  433  1030  3354  1767  1932  79  1318  2635  556  2398  4837  1555  215  648  185 
 3686  6769  1224  27483  8435  4821  17058  50153  18849  909  8738  4080  1646  1729  3247  3141  2047  1550523  10439  6036  3237  1923  3826  693  1066  2228  2074  11349  2256  22314  31021  320  11176  2340  1993  53036  1818  12738  452  7959  19080  2241  1224  79242  6086  17947  3104  595 
 1915  9931  1107  43591  7571  29097  984  68058  13009  689  9796  2967  1062  1238  1702  1974  19436  9695  1820081  5572  3262  651  2810  551  546  2596  60731  13662  1821  48104  13892  200  7807  1382  3248  17088  27015  5302  228  3546  13682  1486  10378  14701  7094  972  2798  435 
 9402  24814  5941  36151  13788  2943  904  74949  23945  1321  35243  33463  3960  3614  11346  3706  1435  6439  7025  3334254  10261  4586  10090  1757  1550  7867  1458  5221  2891  14740  19810  696  43371  3786  3995  10634  714  9008  771  22947  29186  2893  775  12779  8503  2728  19785  968 
 1540  19476  2538  22079  13358  1966  291  18345  6429  1680  15165  5554  16795  4418  1698  1303  638  2300  4242  7863  1534137  1137  6807  2690  4606  4823  841  1920  2085  5279  5328  19177  5897  2438  4399  3771  352  1540  11532  3510  16705  1935  456  4936  9416  358  51692  1060 
 18903  1971  7922  6474  2353  563  239  13491  14071  362  7591  3080  926  1631  2561  19538  344  2242  788  3240  1336  844550  4782  366  843  1961  186  704  748  1399  5795  212  3467  3059  910  2028  136  3297  223  26397  21115  664  96  5552  1662  540  2265  210 
 7007  12983  19387  24291  12865  2009  459  25873  11485  1482  45728  9702  12580  53622  6709  3822  958  3955  3226  8019  7134  4226  1881922  1406  6763  4770  836  2953  2977  6435  7857  502  9529  15314  3581  4590  575  3684  1114  11932  36430  2852  313  7988  6537  748  5632  1003 
 302  6747  623  9858  7412  413  86  3049  1142  8370  1757  1054  1136  1084  594  537  378  439  717  1414  3701  559  1304  274953  1497  4299  226  426  1425  1437  1351  4255  1039  1550  7608  1235  113  662  2277  1117  4591  4073  193  1020  14909  235  1228  4733 
 1165  7599  2132  8436  15086  611  100  5979  3152  1323  5298  2391  20130  10986  1146  1071  339  1095  758  2499  5900  867  10592  944  539922  2504  269  854  1887  3441  2468  817  2616  3396  1965  1677  164  1181  6126  2334  12322  1704  144  3313  3218  309  2500  3211 
 958  19374  1789  60488  9740  683  252  8222  2852  6858  5184  2418  1528  2074  1549  1780  324  1054  1173  3403  2414  1657  3823  2564  1738  619598  501  1699  4796  3558  2953  706  3538  3255  10299  2406  387  1517  744  2902  12351  12739  147  3563  11031  569  2445  2434 
 455  2632  200  6407  2444  3850  176  14679  2540  256  1672  707  268  332  716  438  10784  1765  33572  1229  835  301  875  480  159  652  339085  3623  430  7027  4414  45  1868  411  844  3729  2115  1738  79  1388  3083  456  7408  3574  1612  251  684  196 
 3711  12407  1799  35140  8242  15990  13107  118905  27139  736  12483  4750  1202  1819  2813  2890  3269  24168  25473  6882  2802  1501  3877  711  736  6531  4585  2312441  2168  97584  37299  317  11308  1914  2383  110436  4232  16740  214  6511  21219  1921  3712  36996  5229  3398  2994  421 
 1417  29500  2299  21692  23637  780  191  8164  3273  2535  3364  2301  1475  3198  1434  1836  498  2270  1555  2531  2133  1223  3866  1355  1641  6499  548  1425  526221  3362  3484  461  3265  7567  5327  2112  191  1782  717  2422  49566  4194  401  4439  6022  365  2003  1588 
 9483  31258  2703  95952  20947  75945  9254  308230  67499  1252  25983  10923  2813  4017  7969  7296  8193  43684  72805  19575  9663  3309  8556  1523  2226  17153  11542  206979  5527  5340392  100727  856  31179  5127  6565  112214  13771  40398  946  17501  46336  4543  11026  74720  14086  3747  6918  939 
 9385  8869  3251  27394  8979  5284  2050  57564  51355  1444  11538  8849  2329  3786  9271  6580  2278  17540  8163  11289  3950  4480  7503  894  1312  3134  2213  10339  2424  20262  2417295  328  19001  5749  2956  18001  1097  65189  444  24417  33330  2517  1140  63014  7517  7978  4311  748 
 572  3299  500  3290  3838  69  166  2262  797  969  1950  908  1781  1457  396  514  168  433  297  1164  26450  295  1289  3515  1913  1108  171  277  657  556  984  193178  1173  836  1360  988  13  601  4903  437  3597  725  49  1325  2448  180  2025  1728 
 9108  20070  3480  34127  11958  4493  1596  90833  31383  1719  30235  44112  3546  3993  49328  4524  1854  10286  9168  47634  5970  3987  9524  1893  2015  7263  2257  8146  3252  20965  34680  606  3795077  4947  4195  33883  1335  17807  949  23582  32384  3318  1019  23519  8615  21431  7628  1100 
 3171  8881  19942  17416  10152  817  586  11929  7806  1089  6881  4289  2575  19432  3506  5191  490  2719  1398  4336  2356  2934  17403  757  2842  3170  318  1455  4654  3893  5919  806  4708  1187740  2718  2927  167  3278  722  6874  83477  2100  116  6322  5642  664  2240  1102 
 1169  20718  1861  67642  10407  1060  195  7032  3235  18106  3859  2033  1875  1913  1384  1340  735  1304  2422  2806  3681  609  3377  6217  1374  10024  716  916  2639  4600  3889  844  3376  3453  1219696  2789  453  1270  993  2454  12329  7836  609  2949  82641  319  2153  1669 
 5149  16663  2243  39185  12152  11182  28317  92385  26931  1333  15850  11155  2679  3350  6934  3346  3883  51466  20190  13926  5166  2668  6594  1710  1889  6171  4248  88202  2967  67213  43273  651  43250  3485  3518  3387963  4001  21249  622  11094  24996  2789  2400  47014  8076  13702  5942  909 
 309  1178  177  5005  1053  6734  189  12871  1762  92  1257  678  132  204  251  383  1858  1977  24190  852  459  278  507  57  116  618  2577  2023  294  6669  2682  0  1260  171  425  2504  290449  1276  21  675  2246  298  1084  3588  1113  264  350  47 
 6560  3429  1704  9710  3689  2333  790  31469  46414  373  4982  3814  971  1757  4806  2909  997  7209  2814  4620  1619  2683  3515  425  862  1270  841  4477  1213  9255  61237  223  8543  2364  1037  7500  514  1149649  263  12542  13322  978  426  20225  3226  2898  1826  312 
 479  4631  575  3246  5314  84  63  1668  965  1371  1613  964  6043  2109  393  332  109  293  276  1164  14087  304  1701  2293  6560  1798  139  106  745  847  1028  4874  746  1268  1005  611  50  623  232370  561  3615  1189  71  942  2027  143  2204  2601 
 22221  6179  12838  15106  6644  1769  647  37046  45483  1007  12404  11574  2085  3627  26269  6302  722  5107  2860  11703  3005  31370  10003  923  1342  1944  779  2894  1531  6368  22869  357  13883  5181  2066  6810  398  11759  553  1804435  29290  1668  383  19366  4852  2919  3633  350 
 21363  44739  41132  115929  62817  6087  2234  77072  59487  6634  39342  22024  11756  27700  16095  57289  2779  15990  12555  27598  19425  18188  34286  4372  10459  17576  3335  11308  41760  27528  42650  2347  26992  73359  12247  19427  1732  16342  2782  35410  7607342  12948  1148  39182  31364  3458  13231  3621 
 1052  19772  1346  31843  13596  1041  249  5629  3220  17817  3921  1961  1851  1697  1623  1043  591  2209  2453  2708  2205  775  3774  3287  1996  14060  823  1204  3611  3009  2638  647  2629  2541  9279  2767  250  1407  871  1966  13102  718565  278  4123  13397  353  1961  4662 
 261  1265  89  3594  1626  2424  168  6895  1086  251  836  282  196  167  262  141  2755  868  8224  701  578  57  514  276  259  296  8060  1490  396  9052  2432  20  744  134  683  1837  620  918  12  570  1584  284  158102  2213  695  333  393  174 
 9941  11911  3491  44896  15110  8308  3989  75955  37618  1672  15699  9415  2881  4255  9362  6671  3940  65939  12009  12453  4765  5417  8353  1305  3011  3531  2762  18660  3688  27825  89149  756  20717  5165  3697  32231  3190  23902  1089  26300  39559  4525  1778  2138591  12701  17835  4662  722 
 3462  38112  3106  95469  17911  2974  366  18998  11364  31256  9259  4520  4243  5235  3630  4000  2012  5554  5294  7208  8389  2194  7929  15448  3343  14278  1485  3450  5037  9544  7919  2205  7117  5251  71562  6355  943  4149  1764  6057  30669  12822  701  10895  2031822  728  5865  2795 
 1271  1188  597  2523  1118  378  747  10470  3933  193  1714  2215  324  573  7042  890  298  9353  709  2259  523  537  1201  177  212  625  218  1217  309  2472  18084  103  25801  645  411  10415  106  5736  143  4808  4119  444  217  20662  763  479065  416  243 
 2714  17512  3440  17229  10661  1343  383  24507  7055  1262  41774  8466  9734  2782  2818  1487  804  2503  3038  16968  51512  3033  8056  1571  2227  4651  775  2159  2346  5928  6465  1375  7702  3202  3226  3855  467  3224  1389  8498  15342  2094  452  5047  5505  682  1783204  816 
 467  4458  480  5219  14039  346  35  1729  1006  3281  1114  689  999  1458  280  648  313  418  505  1206  1366  333  1331  5175  3591  2785  116  281  1673  872  827  1133  856  1730  1863  617  20  449  2839  700  5469  6117  125  898  3146  188  880  147232 

1995 to 2000 migration from-to alphabetical by state (48 by 48). Alaska, DC and Hawaii omitted.
