 99294  380  215  615  145  37  58  4224  2596  38  350  201  15  60  152  232  11  111  33  376  41  1098  232  34  50  55  34  111  50  142  478  0  459  137  56  171  19  424  11  1761  767  18  0  378  96  43  170  16 
 341  129237  581  9244  2035  154  19  2480  432  580  1533  533  689  626  316  155  127  288  223  1038  1144  135  993  397  405  2218  135  303  1469  620  539  94  922  778  1595  599  43  343  246  415  2516  894  49  412  1959  100  926  276 
 236  588  68544  1004  313  21  13  1051  259  61  1088  313  278  502  185  507  24  48  12  365  220  557  1893  28  95  163  0  45  140  120  140  7  183  1458  141  92  0  241  29  941  3387  45  0  198  167  39  269  12 
 940  17654  2031  757889  4940  507  95  7447  1612  3053  2237  1206  947  1256  800  1145  243  686  1043  1718  1407  746  2709  1396  665  17346  354  999  2006  2104  1845  145  1590  2442  11753  1670  224  693  290  1463  8034  3226  142  1666  9771  261  957  328 
 104  4915  272  3293  84584  91  30  1312  244  355  423  234  348  874  100  94  85  113  124  248  258  98  808  281  1056  999  43  80  1377  266  229  40  389  717  533  238  20  94  206  280  2048  497  41  326  737  91  214  761 
 103  618  50  988  172  76086  61  10133  496  29  164  127  73  47  67  54  1084  368  1954  74  81  41  115  29  15  179  740  528  97  1444  1140  0  176  28  89  779  503  985  5  291  407  70  537  737  135  152  65  26 
 44  61  0  147  51  93  14064  1277  77  16  9  8  25  4  19  0  12  742  48  137  0  12  15  0  10  43  27  293  21  210  136  0  39  8  21  1410  6  121  0  49  79  0  14  205  42  41  5  1 
 3935  3308  887  6369  1764  3071  571  544491  11405  216  4993  4336  674  511  2171  1011  1179  3044  4703  6517  946  1074  2127  148  195  2348  1566  5917  746  10844  9282  88  7706  869  705  7262  861  3429  126  4556  5686  369  592  4622  908  1264  1947  80 
 2689  361  303  925  324  204  45  7810  145975  48  472  308  49  109  358  395  92  240  150  407  62  567  223  68  27  172  138  273  121  600  2068  2  597  102  102  487  5  2502  25  2360  1091  127  20  887  179  124  183  24 
 31  1391  39  1284  243  21  0  183  37  25915  25  25  33  71  18  37  4  2  9  66  52  20  92  355  38  290  6  0  123  22  39  6  15  62  757  46  13  0  11  25  219  1060  2  9  1422  2  46  116 
 983  7162  1684  4589  1369  266  97  15023  1684  105  275244  5150  1206  412  1102  331  111  272  181  2481  1128  1090  3574  207  222  2257  86  523  563  810  1142  81  1496  440  498  557  91  912  135  1929  3962  135  37  782  749  229  5216  128 
 592  1717  411  1145  321  73  25  10145  543  25  2358  142257  430  130  1743  189  44  141  126  1408  300  207  510  38  51  371  74  89  193  116  518  13  1720  140  191  340  28  325  17  1037  1429  111  27  279  231  119  407  12 
 63  2068  504  948  781  28  4  1363  161  38  1188  186  83116  285  88  33  23  43  26  181  1133  61  1072  74  742  279  10  44  237  31  204  61  141  212  149  105  50  67  446  127  1571  18  9  106  222  29  499  45 
 63  1178  606  801  880  6  17  921  62  85  272  203  139  67064  110  55  0  27  45  146  110  48  3287  94  402  251  4  56  254  32  249  13  110  1386  93  78  0  110  65  183  1688  84  2  100  285  7  89  52 
 235  452  112  408  113  61  2  3612  536  13  546  2149  49  37  89801  665  8  128  33  398  77  47  321  14  6  118  36  60  104  156  557  20  2288  104  26  121  17  352  44  1839  476  34  11  349  78  246  101  9 
 663  100  897  828  193  16  4  1328  465  33  186  164  70  83  94  86166  21  414  8  141  71  2156  232  17  40  85  2  85  85  112  246  2  102  266  63  40  22  112  12  294  3684  72  17  276  149  42  63  22 
 5  362  8  218  38  188  20  3156  106  21  23  16  11  5  21  32  30919  50  796  85  6  33  39  23  2  48  684  140  81  161  155  0  48  9  69  142  74  121  2  62  87  22  140  263  33  35  10  0 
 148  617  89  1030  289  212  1853  7648  550  13  208  168  25  24  214  107  204  100570  377  182  51  55  155  51  18  184  50  494  141  648  1649  22  377  78  103  3004  121  1093  11  370  605  92  58  4196  169  1309  323  45 
 181  784  58  1600  261  1361  89  15159  498  14  291  86  8  31  82  58  2044  358  147602  165  79  23  107  10  16  245  4395  711  135  1299  779  6  280  109  260  565  1716  460  18  158  601  14  536  581  317  19  99  7 
 839  4246  476  1990  662  95  31  18462  1188  39  1341  1629  179  147  694  154  108  250  243  220857  299  330  565  58  75  773  21  181  428  616  1146  9  1945  190  366  499  20  835  22  2295  1859  66  49  654  258  247  1347  55 
 76  3939  423  1199  461  40  16  3634  216  125  360  117  757  144  86  84  11  93  103  305  125679  81  445  161  163  582  38  86  207  80  206  771  148  93  360  153  42  120  529  202  1515  58  4  155  405  46  2059  101 
 1133  110  467  381  140  31  7  833  566  24  526  142  45  83  172  1264  12  58  0  183  69  55686  175  7  4  126  0  68  106  32  268  0  109  115  48  82  0  150  3  1576  1431  57  10  124  51  17  161  8 
 375  2005  1649  1728  614  76  8  3696  613  47  2022  435  777  3573  253  123  35  78  65  474  213  302  154167  86  315  390  56  82  314  217  265  13  417  808  304  157  0  380  46  551  2491  87  10  320  350  22  339  52 
 32  1062  118  572  184  8  0  196  0  391  37  31  64  79  9  2  8  6  8  31  141  19  49  22641  33  235  0  39  140  42  24  159  60  104  333  24  0  17  81  36  206  160  24  8  884  0  76  205 
 43  887  235  606  764  0  0  579  82  32  159  91  838  526  16  30  3  12  11  130  236  16  570  44  44350  188  16  71  124  37  20  58  48  137  143  20  8  10  391  156  694  47  9  56  159  38  85  211 
 44  1888  139  6206  483  60  26  1145  139  507  349  143  84  193  101  140  12  64  74  230  187  91  254  237  78  42443  13  296  492  300  163  33  331  260  904  184  6  89  54  166  938  773  3  356  770  119  218  76 
 65  263  12  314  32  207  16  3578  101  13  39  28  3  0  31  5  940  145  2356  50  22  22  36  7  0  61  24980  176  48  327  235  0  58  20  39  227  54  113  9  137  236  0  405  163  174  32  32  10 
 292  1529  115  2562  460  1171  941  23329  1562  90  395  201  109  62  198  205  467  1574  1645  287  141  134  236  59  45  713  434  185630  243  5460  3295  0  717  134  197  8602  194  1935  21  409  1140  126  479  2865  338  350  210  40 
 58  1881  219  1323  1302  12  6  681  98  92  215  102  74  206  41  90  26  66  66  143  93  48  348  136  63  383  46  193  33291  170  138  11  120  444  326  149  0  62  60  92  3434  126  2  181  310  23  56  98 
 756  3915  147  6520  1171  6050  578  61298  3291  69  628  398  173  142  304  353  769  2780  3781  831  408  231  440  138  82  1861  789  19013  797  380465  6354  25  1745  240  345  7665  667  3951  31  976  2383  182  836  4651  756  309  255  42 
 285  547  142  890  284  355  147  5922  2126  77  361  248  103  66  276  104  208  1045  317  511  153  160  226  39  24  152  91  815  79  1038  153895  10  816  135  140  1098  61  4336  2  1235  799  57  139  3227  212  280  193  10 
 46  528  34  129  115  0  0  113  30  26  67  73  47  45  3  6  0  6  7  11  1293  23  28  142  60  40  0  2  29  10  10  19966  32  42  79  0  0  6  214  32  219  17  0  0  145  9  131  90 
 692  2710  265  2336  453  119  134  18519  1552  66  808  1784  229  240  2344  188  151  486  361  2286  126  155  370  136  37  565  118  448  262  560  1828  43  274978  226  238  1968  76  1489  104  1563  2038  96  48  921  323  1687  337  29 
 135  818  1361  1274  518  14  15  890  209  42  311  75  164  1339  125  199  15  87  21  202  78  28  1032  26  99  253  9  135  429  115  260  6  127  88413  231  84  0  104  28  253  5154  56  4  153  319  19  167  69 
 58  4069  254  7788  448  44  9  531  151  1333  181  87  102  135  60  115  24  31  64  100  266  53  236  307  56  1255  26  49  220  72  158  82  263  262  96857  158  0  22  122  107  668  332  13  47  6171  17  138  101 
 291  1826  174  2292  554  606  2523  17350  1309  83  550  548  87  212  340  183  389  2902  628  657  176  158  312  63  57  518  260  7820  186  2834  2596  26  2107  158  161  317342  126  1920  27  699  1394  128  112  2584  419  622  237  54 
 31  134  0  255  73  370  0  2457  90  2  53  18  14  0  6  9  119  239  991  34  9  5  16  2  9  43  177  128  22  147  93  0  0  8  0  58  26625  95  0  41  73  0  26  167  51  0  11  0 
 271  227  45  386  186  132  89  2285  1787  17  222  189  45  69  142  137  67  450  221  231  61  66  109  32  17  142  90  351  46  585  3810  0  379  104  52  509  41  73378  15  617  442  12  79  857  60  199  41  11 
 9  762  77  122  195  0  0  150  8  100  72  8  209  43  13  32  0  22  0  17  527  4  121  138  324  66  32  6  30  5  19  213  19  68  90  17  0  38  22599  37  351  30  7  9  101  0  107  81 
 1167  503  960  757  149  22  26  3823  1908  35  795  586  35  156  1273  193  23  164  111  719  102  2055  659  23  55  111  45  108  43  212  948  14  836  228  112  373  6  389  34  125519  1176  43  12  931  153  205  216  9 
 819  3122  2894  5469  2282  237  63  4730  1542  226  1430  860  521  1321  587  2459  135  325  324  880  710  900  1736  274  476  1202  42  341  2848  703  1090  66  1058  4121  782  717  69  637  122  1522  416621  307  53  1066  1295  95  522  136 
 56  1174  41  1561  517  20  0  361  32  595  79  29  68  90  13  89  64  58  58  70  43  19  109  213  88  1111  7  13  192  152  53  17  21  98  348  32  0  7  75  110  310  32366  0  115  361  6  29  183 
 14  136  4  89  48  139  18  1546  53  0  10  35  23  0  4  2  147  19  382  10  12  0  24  17  18  40  618  171  0  347  199  0  20  0  3  125  27  64  0  18  88  17  12199  163  27  16  2  0 
 338  691  207  1370  421  230  430  6572  1144  44  268  235  56  129  399  187  190  3003  262  221  131  121  204  71  91  281  108  620  199  850  4323  0  611  175  118  1637  56  1525  18  1112  979  117  105  130494  314  957  159  19 
 90  7643  179  6616  361  52  6  1224  217  1832  242  201  178  143  65  71  22  92  133  199  255  52  320  759  136  1318  40  118  384  182  243  159  157  276  4676  181  21  154  122  257  1023  683  18  295  139419  46  181  169 
 107  139  40  179  45  31  87  2168  202  0  38  98  27  3  387  48  8  798  30  199  19  55  73  20  0  16  20  95  0  121  668  0  1804  19  19  679  0  435  2  258  255  10  0  1211  57  41050  13  0 
 229  3536  487  983  338  50  55  5033  264  128  2199  401  695  48  112  21  27  107  65  908  1817  174  442  83  115  625  66  81  211  176  268  38  352  157  145  75  7  219  86  323  1001  52  8  274  356  27  138683  19 
 3  564  16  290  368  12  6  80  6  159  50  29  42  40  11  12  2  22  6  92  51  12  127  230  185  167  0  14  154  30  22  19  18  76  72  37  0  0  149  24  181  289  2  6  165  0  50  9532 


