 49 49 49 49 49 49 49 49 49 49 49 49 49 49 49 49 49 49 49 49 49 49 49 49 49 49 49 49 49 49 49 49 49 49 49 49 49 49 49 49 49 49 49 49 49 49 49 49 49 49 49 49 49 49 49 49 49 49 49 49 49 49 49 49 49 49 49 49 49 49 49 49 49 49 49 49 49 49 49 49 49 49 49 49 49 49 49 49 49 49 49 49 49 49 49
 49 49 49 49 49 49 49 45 45 45 49 49 49 49 49 49 49 49 49 49 49 49 49 49 49 49 49 49 49 49 49 49 49 49 49 49 49 49 49 49 49 49 49 49 49 49 49 49 49 49 49 49 49 49 49 49 49 49 49 49 49 49 49 49 49 49 49 49 49 49 49 49 49 49 49 49 49 49 49 49 49 49 49 49 49 49 49 49 49 49 49 49 49 49 49
 49 49 49 49 49 49 45 45 45 45 45 45 45 45 49 49 49 49 49 49 49 49 49 49 49 49 49 49 49 49 49 49 49 49 49 49 49 49 49 49 49 49 49 49 49 49 49 49 49 49 49 49 49 49 49 49 49 49 49 49 49 49 49 49 49 49 49 49 49 49 49 49 49 49 49 49 49 49 49 49 49 49 49 49 49 49 49 49 49 49 49 49 49 49 49
 49 49 49 49 49 45 45 45 45 45 45 45 45 45 45 10 10 24 49 49 49 49 49 49 49 49 49 49 49 49 49 49 49 49 49 49 49 49 49 49 49 49 49 49 49 49 49 49 49 49 49 49 49 49 49 49 49 49 49 49 49 49 49 49 49 49 49 49 49 49 49 49 49 49 49 49 49 49 49 49 49 49 49 49 49 49 49 49 49 49 49 49 49 49 49
 49 49 49 49 49 45 45 45 45 45 45 45 45 45 45 10 10 24 24 24 24 24 24 24 24 24 49 49 49 49 49 49 49 49 49 49 49 49 49 49 49 49 49 49 49 49 49 49 49 49 49 49 49 49 49 49 49 49 49 49 49 49 49 49 49 49 49 49 49 49 49 49 49 49 49 49 49 49 49 49 49 49 49 49 49 49 49 49 49 49 49 49 49 49 49
 49 49 49 49 45 45 45 45 45 45 45 45 45 45 45 10 10 24 24 24 24 24 24 24 24 24 24 24 24 24 24 24 24 24 49 49 49 49 49 49 49 49 49 49 49 49 49 49 49 49 49 49 49 49 49 49 49 49 49 49 49 49 49 49 49 49 49 49 49 49 49 49 49 49 49 49 49 49 49 49 49 49 49 49 49 49 49 49 49 17 49 49 49 49 49
 49 49 49 45 45 45 45 45 45 45 45 45 45 45 45 10 10 10 24 24 24 24 24 24 24 24 24 24 24 24 24 24 24 24 24 32 32 32 32 32 32 32 32 32 32 21 21 49 49 49 49 49 49 49 49 49 49 49 49 49 49 49 49 49 49 49 49 49 49 49 49 49 49 49 49 49 49 49 49 49 49 49 49 49 49 49 49 49 17 17 17 49 49 49 49
 49 49 49 35 35 45 45 45 45 45 45 45 45 45 45 10 10 10 24 24 24 24 24 24 24 24 24 24 24 24 24 24 24 24 24 32 32 32 32 32 32 32 32 32 32 21 21 21 21 21 21 21 49 49 49 49 49 49 49 49 49 49 49 49 49 49 49 49 49 49 49 49 49 49 49 49 49 49 49 49 49 49 49 49 49 49 49 49 17 17 17 17 49 49 49
 49 49 35 35 35 35 35 35 35 45 45 45 45 45 45 10 10 10 24 24 24 24 24 24 24 24 24 24 24 24 24 24 24 24 24 32 32 32 32 32 32 32 32 32 32 21 21 21 21 21 21 21 21 21 21 21 21 49 49 49 49 49 49 49 49 49 49 49 49 49 49 49 49 49 49 49 49 49 49 49 49 49 49 49 49 49 49 17 17 17 17 17 17 49 49
 49 49 35 35 35 35 35 35 35 35 35 35 35 45 10 10 10 10 24 24 24 24 24 24 24 24 24 24 24 24 24 24 24 24 24 32 32 32 32 32 32 32 32 32 32 32 21 21 21 21 21 21 21 21 21 21 49 49 49 49 49 49 49 49 49 49 49 49 49 49 49 49 49 49 49 49 49 49 49 49 49 49 49 49 49 49 49 17 17 17 17 17 17 17 49
 49 49 35 35 35 35 35 35 35 35 35 35 35 35 10 10 10 10 24 24 24 24 24 24 24 24 24 24 24 24 24 24 24 24 24 32 32 32 32 32 32 32 32 32 32 32 21 21 21 21 21 21 21 21 21 49 49 49 49 49 49 49 49 49 49 49 49 49 49 49 49 49 49 49 49 49 49 49 49 49 49 49 49 49 49 49 17 17 17 17 17 17 17 49 49
 49 49 35 35 35 35 35 35 35 35 35 35 35 35 10 10 10 10 10 24 24 24 24 24 24 24 24 24 24 24 24 24 24 24 24 32 32 32 32 32 32 32 32 32 32 32 21 21 21 21 21 21 21 21 49 49 49 49 49 49 20 20 20 20 20 20 49 49 49 49 49 49 49 49 49 49 49 49 49 49 49 49 49 43 43 43 27 17 17 17 17 17 49 49 49
 49 49 35 35 35 35 35 35 35 35 35 35 35 35 10 10 10 10 10 24 24 24 24 24 24 24 24 24 24 24 24 24 24 24 32 32 32 32 32 32 32 32 32 32 32 32 21 21 21 21 21 21 21 21 47 47 20 20 20 20 20 20 20 20 49 20 49 49 49 49 49 49 49 49 49 49 49 49 49 49 30 30 30 30 43 43 27 17 17 17 17 49 49 49 49
 49 35 35 35 35 35 35 35 35 35 35 35 35 10 10 10 10 10 10 24 24 24 24 24 24 24 24 24 24 24 24 24 24 24 39 39 39 39 39 39 32 32 32 32 32 32 21 21 21 21 21 21 21 21 47 47 47 47 20 20 20 20 20 49 20 20 20 49 49 49 49 49 49 49 49 49 49 49 49 49 30 30 30 30 43 43 27 27 17 17 17 49 49 49 49
 49 35 35 35 35 35 35 35 35 35 35 35 35 10 10 10 10 10 10 10 10 10 48 48 48 24 24 24 24 24 24 24 24 24 39 39 39 39 39 39 39 39 39 39 39 39 21 21 21 21 21 21 21 21 47 47 47 47 47 20 20 20 49 49 20 20 20 49 49 49 49 49 49 49 49 49 49 49 49 30 30 30 30 30 43 43 27 27 17 17 49 49 49 49 49
 49 35 35 35 35 35 35 35 35 35 35 35 35 10 10 10 10 10 10 10 10 10 48 48 48 48 48 48 48 48 48 48 48 48 39 39 39 39 39 39 39 39 39 39 39 39 21 21 21 21 21 21 21 21 47 47 47 47 47 47 47 49 49 20 20 20 20 20 49 49 49 49 49 49 49 49 49 49 30 30 30 30 30 30 43 43 27 27 27 49 49 49 49 49 49
 49  4  4  4 35 35 35 35 35 35 35 35 35 10 10 10 10 10 10 10 10 10 48 48 48 48 48 48 48 48 48 48 48 48 39 39 39 39 39 39 39 39 39 39 39 39 21 21 21 21 21 21 21 21 21 47 47 47 47 47 47 49 49 20 20 20 20 20 49 49 49 49 49 49 49 49 49 30 30 30 30 30 30 30 30 19 19 19 19 49 49 49 49 49 49
 49  4  4  4  4  4  4 26 35 35 35 35 10 10 10 10 10 10 10 10 10 10 48 48 48 48 48 48 48 48 48 48 48 48 39 39 39 39 39 39 39 39 39 39 39 39 21 21 21 21 21 21 21 21 21 47 47 47 47 47 47 49 49 20 20 20 20 20 20 49 49 49 49 49 49 49 49 30 30 30 30 30 30 30 30 19 19  6 37 19 49 49 49 49 49
 49  4  4  4  4  4  4 26 26 26 26 26 26 10 10 10 10 10 10 10 10 10 48 48 48 48 48 48 48 48 48 48 48 48 39 39 39 39 39 39 39 39 39 39 39 39 21 21 21 21 21 21 21 21 21 47 47 47 47 47 47 49 49 20 20 20 20 20 20 49 49 49 49 49 49 49 30 30 30 30 30 30 30 30 30  6  6  6 37 49 49 49 49 49 49
 49  4  4  4  4  4  4 26 26 26 26 26 26 26 26 26 10 10 10 10 10 10 48 48 48 48 48 48 48 48 48 48 48 48 39 39 39 39 39 39 39 39 39 39 39 39 13 13 13 13 13 13 13 13 13 47 47 47 47 47 47 49 49 20 20 20 20 20 20 49 49 49 49 49 49 30 36 36 36 36 36 36 30 30 30  6  6 49 49 49 49 49 49 49 49
 49  4  4  4  4  4 26 26 26 26 26 26 26 26 26 26 26 42 42 42 42 10 48 48 48 48 48 48 48 48 48 48 48 48 25 25 25 25 25 25 25 25 25 25 25 39 13 13 13 13 13 13 13 13 13 13 47 47 47 47 47 49 49 20 20 20 20 20 49 49 49 49 49 33 36 36 36 36 36 36 36 36 36 30 30 49 49 49 49 49 49 49 49 49 49
 49  4  4  4  4  4 26 26 26 26 26 26 26 26 26 26 26 42 42 42 42 42 48 48 48 48 48 48 48 48 48 48 48 48 25 25 25 25 25 25 25 25 25 25 25 25 25 13 13 13 13 13 13 13 13 13 11 11 11 11 11 49 49 20 20 20 20 20 49 49 33 33 33 33 36 36 36 36 36  3 36 36 36 28 28 49 49 49 49 49 49 49 49 49 49
 49  4  4  4  4  4 26 26 26 26 26 26 26 26 26 26 42 42 42 42 42 42 48 48 48 48 48 48 48 48 48 48 48 48 25 25 25 25 25 25 25 25 25 25 25 25 25 13 13 13 13 13 13 13 13 13 11 11 11 11 11 49 49 12 12 12 12 33 33 33 33 33 33 33 36 36 36 36 36 36 36 36 36 28 28 49 49 49 49 49 49 49 49 49 49
 49  4  4  4  4  4 26 26 26 26 26 26 26 26 26 26 42 42 42 42 42 42 42 42 48 48 48 48 48 48 48 48 48 25 25 25 25 25 25 25 25 25 25 25 25 25 25 13 13 13 13 13 13 13 13 13 11 11 11 11 11 11 12 12 12 12 12 33 33 33 33 33 33 33 36 36 36 36 36 36 36 36 36 28 28 49 49 49 49 49 49 49 49 49 49
 49  4  4  4  4  4 26 26 26 26 26 26 26 26 26 26 42 42 42 42 42 42 42 42 42  5  5  5  5  5  5  5  5  5  5  5 25 25 25 25 25 25 25 25 25 25 25 13 13 13 13 13 13 13 13 11 11 11 11 11 11 11 12 12 12 12 12 33 33 33 33 33 33 33 36 36 36 36 36 36 36 18  7 28 28 49 49 49 49 49 49 49 49 49 49
 49  4  4  4  4  4 26 26 26 26 26 26 26 26 26 26 42 42 42 42 42 42 42 42 42  5  5  5  5  5  5  5  5  5  5  5  5 25 25 25 25 25 25 25 25 25 25 25 13 13 13 13 13 13 13 11 11 11 11 11 11 11 12 12 12 12 12 33 33 33 33 33 33 33 36 36 18 18 18 18 18 18 18  7 49 49 49 49 49 49 49 49 49 49 49
 49  4  4  4  4  4  4 26 26 26 26 26 26 26 26 26 42 42 42 42 42 42 42 42  5  5  5  5  5  5  5  5  5  5  5  5  5 25 25 25 25 25 25 25 25 25 25 25 23 23 23 23 23 23 23 11 11 11 11 11 11 11 12 12 12 12 12 33 33 33 33 33 33 33 46 46 46 46 44 18 18 18 18  7 49 49 49 49 49 49 49 49 49 49 49
 49  4  4  4  4  4  4  4 26 26 26 26 26 26 26 42 42 42 42 42 42 42 42 42  5  5  5  5  5  5  5  5  5  5  5  5  5 14 14 14 14 14 14 14 14 14 25 25 23 23 23 23 23 23 23 23 11 11 11 11 11 11 12 12 12 12 12 33 33 33 33 33 33 46 46 46 46 44 44 44 44 18 18 49 49 49 49 49 49 49 49 49 49 49 49
 49  4  4  4  4  4  4  4 26 26 26 26 26 26 26 42 42 42 42 42 42 42 42 42  5  5  5  5  5  5  5  5  5  5  5  5  5 14 14 14 14 14 14 14 14 14 14 14 14 23 23 23 23 23 23 23 11 11 11 11 11 11 12 12 12 12 12 33 33 33 33 33 46 46 46 46 44 44 44 44 44 44 44 49 49 49 49 49 49 49 49 49 49 49 49
 49  4  4  4  4  4  4  4  4 26 26 26 26 26 26 42 42 42 42 42 42 42 42 42  5  5  5  5  5  5  5  5  5  5  5  5  5 14 14 14 14 14 14 14 14 14 14 14 14 23 23 23 23 23 23 23 23 11 11 11 11 11 12 12 12 12 15 15 15 15 15 46 46 46 46 44 44 44 44 44 44 44 44 49 49 49 49 49 49 49 49 49 49 49 49
 49  4  4  4  4  4  4  4  4 26 26 26 26 26 26 42 42 42 42 42 42 42 42 42  5  5  5  5  5  5  5  5  5  5  5  5  5 14 14 14 14 14 14 14 14 14 14 14 14 23 23 23 23 23 23 23 23 11 11 11 11 11 12 12 12 15 15 15 15 15 15 15 46 46 44 44 44 44 44 44 44 44 44 49 49 49 49 49 49 49 49 49 49 49 49
 49  4  4  4  4  4  4  4  4  4 26 26 26 26 26  2  2 42 42 42 42 42 42 42  5  5  5  5  5  5  5  5  5  5  5  5 14 14 14 14 14 14 14 14 14 14 14 14 14 23 23 23 23 23 23 23 23 23 11 11 11 11 12 12 15 15 15 15 15 15 15 15 46 44 44 44 44 44 44 44 44 44 44 49 49 49 49 49 49 49 49 49 49 49 49
 49  4  4  4  4  4  4  4  4  4  4 26 26 26  2  2  2  2  2  2  2 42 42 42  5  5  5  5  5  5  5  5  5  5  5  5 14 14 14 14 14 14 14 14 14 14 14 14 14 23 23 23 23 23 23 23 23 23 11 11 11 11 15 15 15 15 15 15 15 15 15 15 44 44 44 44 44 44 44 44 31 31 31 49 49 49 49 49 49 49 49 49 49 49 49
 49  4  4  4  4  4  4  4  4  4  4 26 26 26  2  2  2  2  2  2  2  2  2  2 29 29 29 29 29  5  5  5  5  5  5  5 14 14 14 14 14 14 14 14 14 14 14 14 14 14 23 23 23 23 23 23 23 23 23 11 11 15 15 15 15 15 15 15 15 15 15 44 44 40 31 31 31 31 31 31 31 31 31 49 49 49 49 49 49 49 49 49 49 49 49
 49 49  4  4  4  4  4  4  4  4  4  4 26  2  2  2  2  2  2  2  2  2  2 29 29 29 29 29 29 29 29 29 29 29 34 34 34 34 34 34 34 34 34 34 34 34 34 34 34 34 23 23 23 23 23 23 23 23 23 15 15 15 15 15 15 40 40 40 40 40 40 40 40 31 31 31 31 31 31 31 31 31 49 49 49 49 49 49 49 49 49 49 49 49 49
 49 49 49  4  4  4  4  4  4  4  4  4  4  2  2  2  2  2  2  2  2  2  2 29 29 29 29 29 29 29 29 29 29 29 34 34 34 34 34 34 34 34 34 34 34 34 34 34 34 34 23 23 23 23 23  3  3  3  3 40 40 40 40 40 40 40 40 40 40 40 40 31 31 31 31 31 31 31 31 31 31 31 49 49 49 49 49 49 49 49 49 49 49 49 49
 49 49 49 49 49  4  4  4  4  4  4  4  2  2  2  2  2  2  2  2  2  2  2 29 29 29 29 29 29 29 29 29 29 29 41 41 41 41 41 41 34 34 34 34 34 34 34 34 34 34  3  3  3  3  3  3  3  3  3 40 40 40 40 40 40 40 40 40 40 40 31 31 31 31 31 31 31 31 31 31 31 49 49 49 49 49 49 49 49 49 49 49 49 49 49
 49 49 49 49 49 49  4  4  4  4  4  4  2  2  2  2  2  2  2  2  2  2  2 29 29 29 29 29 29 29 29 29 29 29 41 41 41 41 41 41 34 34 34 34 34 34 34 34 34 34  3  3  3  3  3  3  3  3 40 40 40 40 40 40 40 40 40 40 40 31 31 31 31 31 31 31 38 38 38  3 38 49 49 49 49 49 49 49 49 49 49 49 49 49 49
 49 49 49 49 49 49 49  4  4  4  4  4  2  2  2  2  2  2  2  2  2  2  2 29 29 29 29 29 29 29 29 29 29 29 41 41 41 41 41 41 34 34 34 34 34 34 34 34 34 34  3  3  3  3  3  3  3  3 40 40 40 40 40 40 40  1  1  9  9  9  9 38 38 38 38 38 38 38 38 38 49 49 49 49 49 49 49 49 49 49 49 49 49 49 49
 49 49 49 49 49 49 49 49 49  4  4  4  2  2  2  2  2  2  2  2  2  2  2 29 29 29 29 29 29 29 29 29 29 29 41 41 41 41 41 41 34 34 34 34 34 34 34 34 34 34  3  3  3  3  3  3  3  3 22 22 22 22  1  1  1  1  1  9  9  9  9  9 38 38 38 38 38 38 38 49 49 49 49 49 49 49 49 49 49 49 49 49 49 49 49
 49 49 49 49 49 49 49 49 49 49  4  4  2  2  2  2  2  2  2  2  2  2  2 29 29 29 29 29 29 29 29 29 29 29 41 41 41 41 41 41 41 34 34 34 34 34 34 34 34 34  3  3  3  3  3  3  3 22 22 22 22 22  1  1  1  1  1  9  9  9  9  9  9 38 38 38 38 38 38  4 49 49 49 49 49 49 49 49 49 49 49 49 49 49 49
 49 49 49 49 49 49 49 49 49 49 49  4  2  2  2  2  2  2  2  2  2  2 29 29 29 29 29 29 29 29 29 29 29 29 41 41 41 41 41 41 41 41 41 41 41 41 34 34 34 34  3  3  3  3  3  3  3 22 22 22 22 22  1  1  1  1  1  9  9  9  9  9  9  9 38 38 38 38 49 49 49 49 49 49 49 49 49 49 49 49 49 49 49 49 49
 49 49 49 49 49 49 49 49 49 49 49 49 49  2  2  2  2  2  2  2  2  2 29 29 29 29 29 29 29 29 29 29 29 29 41 41 41 41 41 41 41 41 41 41 41 41 41 41 41 41  3  3  3  3  3  3  3 22 22 22 22 22  1  1  1  1  1  1  9  9  9  9  9  9  9 38 38 49 49 49 49 49 49 49 49 49 49 49 49 49 49 49 49 49 49
 49 49 49 49 49 49 49 49 49 49 49 49 49 49 49  2  2  2  2  2  2  2 29 29 29 29 29 29 29 29 29 29 29 29 41 41 41 41 41 41 41 41 41 41 41 41 41 41 41 41 41  3  3  3  3  3  3 22 22 22 22 22  1  1  1  1  1  1  9  9  9  9  9  9  9  9 38 49 49  4 49 49 49 49 49 49 49 49 49 49 49 49 49 49 49
 49 49 49 49 49 49 49 49 49 49 49 49 49 49 49 49 49 49  2  2  2  2 29 29 29 29 29 29 29 29 29 29 29 41 41 41 41 41 41 41 41 41 41 41 41 41 41 41 41 41 41 16 16 16 16 16 22 22 22 22 22 22  1  1  1  1  1  1  9  9  9  9  9  9  9  9 49 49 49 49 49 49 49 49 49 49 49 49 49 49 49 49 49 49 49
 49 49 49 49 49 49 49 49 49 49 49 49 49 49 49 49 49 49 49 49  2  2 29 29 29 29 29 29 29 29 29 29 29 41 41 41 41 41 41 41 41 41 41 41 41 41 41 41 41 41 41 16 16 16 16 16 22 22 22 22 22 22  1  1  1  1  1  1  9  9  9  9  9  9  9  9 49 49 49 49 49 49 49 49 49 49 49 49 49 49 49 49 49 49 49
 49 49 49 49 49 49 49 49 49 49 49 49 49 49 49 49 49 49 49 49 49 49 49 49 49 49 49 41 41 41 41 41 41 41 41 41 41 41 41 41 41 41 41 41 41 41 41 41 41 41 41 16 16 16 16 16 22 22 22 22 22 22  1  1  1  1  1  1  9  9  9  9  9  9  9  9 49 49 49 49 49 49 49 49 49 49 49 49 49 49 49 49 49 49 49
 49 49 49 49 49 49 49 49 49 49 49 49 49 49 49 49 49 49 49 49 49 49 49 49 49 49 49 49 41 41 41 41 41 41 41 41 41 41 41 41 41 41 41 41 41 41 41 41 41 41 41 16 16 16 16 16 22 22 22 22 22 22  1  1  1  1  1  8  8  8  8  8  8  8  8  8 49 49 49 49 49 49 49 49 49 49 49 49 49 49 49 49 49 49 49
 49 49 49 49 49 49 49 49 49 49 49 49 49 49 49 49 49 49 49 49 49 49 49 49 49 49 49 49 41 41 41 41 41 41 41 41 41 41 41 41 41 41 41 41 41 41 41 41 41 41 41 16 16 16 16 16 16 16 16 22 22 22  1  1  1  8  8  8  8  8  8  8  8  8  8  8 49 49 49 49 49 49 49 49 49 49 49 49 49 49 49 49 49 49 49
 49 49 49 49 49 49 49 49 49 49 49 49 49 49 49 49 49 49 49 49 49 49 49 49 49 49 49 49 49 41 41 41 41 41 41 41 41 41 41 41 41 41 41 41 41 41 41 41 41 41 41 16 16 16 16 16 16 16 16 22 22 22 49 49 49 49 49 49 49  8  8  8  8  8  8  8 49 49 49 49 49 49 49 49 49 49 49 49 49 49 49 49 49 49 49
 49 49 49 49 49 49 49 49 49 49 49 49 49 49 49 49 49 49 49 49 49 49 49 49 49 49 49 49 49 41 41 41 41 41 41 41 41 41 41 41 41 41 41 41 41 41 41 41 41 41 41 16 16 16 16 16 16 49 49 49 49 49 49 49 49 49 49 49 49 49 49  8  8  8  8  8  8 49 49 49 49 49 49 49 49 49 49 49 49 49 49 49 49 49 49
 49 49 49 49 49 49 49 49 49 49 49 49 49 49 49 49 49 49 49 49 49 49 49 49 49 49 49 49 49 49 41 41 41 41 41 41 41 41 41 41 41 41 41 41 41 41 41 41 41 41 41 16 49 49 49 49 49 49 49 49 49 49 49 49 49 49 49 49 49 49 49 49  8  8  8  8  8 49 49 49 49 49 49 49 49 49 49 49 49 49 49 49 49 49 49
 49 49 49 49 49 49 49 49 49 49 49 49 49 49 49 49 49 49 49 49 49 49 49 49 49 49 49 49 49 49 49 49 49 49 49 49 41 41 41 41 41 41 41 41 41 41 41 41 41 41 49 49 49 49 49 49 49 49 49 49 49 49 49 49 49 49 49 49 49 49 49 49 49  8  8  8  8 49 49 49 49 49 49 49 49 49 49 49 49 49 49 49 49 49 49
 49 49 49 49 49 49 49 49 49 49 49 49 49 49 49 49 49 49 49 49 49 49 49 49 49 49 49 49 49 49 49 49 49 49 49 49 49 41 41 41 41 41 41 41 41 41 41 41 41 49 49 49 49 49 49 49 49 49 49 49 49 49 49 49 49 49 49 49 49 49 49 49 49 49  8  8  8  8 49 49 49 49 49 49 49 49 49 49 49 49 49 49 49 49 49
 49 49 49 49 49 49 49 49 49 49 49 49 49 49 49 49 49 49 49 49 49 49 49 49 49 49 49 49 49 49 49 49 49 49 49 49 49 49 41 41 41 41 41 41 41 41 41 41 49 49 49 49 49 49 49 49 49 49 49 49 49 49 49 49 49 49 49 49 49 49 49 49 49 49 49  8  8  8 49 49 49 49 49 49 49 49 49 49 49 49 49 49 49 49 49
 49 49 49 49 49 49 49 49 49 49 49 49 49 49 49 49 49 49 49 49 49 49 49 49 49 49 49 49 49 49 49 49 49 49 49 49 49 49 49 41 41 41 41 41 41 41 41 49 49 49 49 49 49 49 49 49 49 49 49 49 49 49 49 49 49 49 49 49 49 49 49 49 49 49 49 49  8  8  8 49 49 49 49 49 49 49 49 49 49 49 49 49 49 49 49
 49 49 49 49 49 49 49 49 49 49 49 49 49 49 49 49 49 49 49 49 49 49 49 49 49 49 49 49 49 49 49 49 49 49 49 49 49 49 49 41 41 41 41 41 41 41 49 49 49 49 49 49 49 49 49 49 49 49 49 49 49 49 49 49 49 49 49 49 49 49 49 49 49 49 49 49 49  8  8 49 49 49 49 49 49 49 49 49 49 49 49 49 49 49 49
 49 49 49 49 49 49 49 49 49 49 49 49 49 49 49 49 49 49 49 49 49 49 49 49 49 49 49 49 49 49 49 49 49 49 49 49 49 49 49 49 41 41 41 41 41 49 49 49 49 49 49 49 49 49 49 49 49 49 49 49 49 49 49 49 49 49 49 49 49 49 49 49 49 49 49 49 49 49  8 49 49 49 49 49 49 49 49 49 49 49 49 49 49 49 49
 49 49 49 49 49 49 49 49 49 49 49 49 49 49 49 49 49 49 49 49 49 49 49 49 49 49 49 49 49 49 49 49 49 49 49 49 49 49 49 49 49 41 41 41 49 49 49 49 49 49 49 49 49 49 49 49 49 49 49 49 49 49 49 49 49 49 49 49 49 49 49 49 49 49 49 49 49 49 49  8 49 49 49 49 49 49 49 49 49 49 49 49 49 49 49
 49 49 49 49 49 49 49 49 49 49 49 49 49 49 49 49 49 49 49 49 49 49 49 49 49 49 49 49 49 49 49 49 49 49 49 49 49 49 49 49 49 49 41 49 49 49 49 49 49 49 49 49 49 49 49 49 49 49 49 49 49 49 49 49 49 49 49 49 49 49 49 49 49 49 49 49 49 49 49 49 49 49 49 49 49 49 49 49 49 49 49 49 49 49 49
 49 49 49 49 49 49 49 49 49 49 49 49 49 49 49 49 49 49 49 49 49 49 49 49 49 49 49 49 49 49 49 49 49 49 49 49 49 49 49 49 49 49 49 49 49 49 49 49 49 49 49 49 49 49 49 49 49 49 49 49 49 49 49 49 49 49 49 49 49 49 49 49 49 49 49 49 49 49 49 49 49 49 49 49 49 49 49 49 49 49 49 49 49 49 49


 The table is 61 rows by 95 columns and identifies, by a numerical code 
 each of the contiguous states of the United States, in alphabetical order.
 Alaska, Hawaii, and Washington DC omitted. Number 49 is external to the USA.
 Output produced by the polygon to grid program (POLYGRID).